Feedback_ID,label,comment
1,complaint,"Roads in my locality are full of potholes, making commuting very difficult."
2,complaint,"The garbage collection in our area is irregular, causing hygiene issues."
3,complaint,"There is no proper drainage system, leading to frequent waterlogging."
4,complaint,"Streetlights are not maintained, making roads unsafe at night."
5,complaint,"Roads in my locality are full of potholes, making commuting very difficult."
6,complaint,"Traffic signals in our area are not functioning properly, causing accidents."
7,complaint,"Government hospitals lack sufficient staff, leading to long waiting times."
8,complaint,Public parks are not maintained well and are often dirty.
9,complaint,"Electricity outages happen frequently, and no proper response from authorities."
10,complaint,"The water supply is inconsistent, and sometimes we get dirty water."
11,complaint,"Electricity outages happen frequently, and no proper response from authorities."
12,complaint,"The garbage collection in our area is irregular, causing hygiene issues."
13,complaint,"Roads in my locality are full of potholes, making commuting very difficult."
14,complaint,"Roads in my locality are full of potholes, making commuting very difficult."
15,complaint,Public parks are not maintained well and are often dirty.
16,complaint,"Government hospitals lack sufficient staff, leading to long waiting times."
17,complaint,"Electricity outages happen frequently, and no proper response from authorities."
18,complaint,"The garbage collection in our area is irregular, causing hygiene issues."
19,complaint,Public parks are not maintained well and are often dirty.
20,complaint,"The water supply is inconsistent, and sometimes we get dirty water."
21,complaint,Public parks are not maintained well and are often dirty.
22,complaint,"Public transportation is overcrowded, making travel uncomfortable."
23,complaint,"Public transportation is overcrowded, making travel uncomfortable."
24,complaint,"Traffic signals in our area are not functioning properly, causing accidents."
25,complaint,"The water supply is inconsistent, and sometimes we get dirty water."
26,complaint,"Public transportation is overcrowded, making travel uncomfortable."
27,complaint,"There is no proper drainage system, leading to frequent waterlogging."
28,complaint,"Streetlights are not maintained, making roads unsafe at night."
29,complaint,"The water supply is inconsistent, and sometimes we get dirty water."
30,complaint,"Electricity outages happen frequently, and no proper response from authorities."
31,complaint,"Streetlights are not maintained, making roads unsafe at night."
32,complaint,"The water supply is inconsistent, and sometimes we get dirty water."
33,complaint,"Roads in my locality are full of potholes, making commuting very difficult."
34,complaint,"Public transportation is overcrowded, making travel uncomfortable."
35,complaint,Public parks are not maintained well and are often dirty.
36,complaint,Public parks are not maintained well and are often dirty.
37,complaint,"Public transportation is overcrowded, making travel uncomfortable."
38,complaint,"Government hospitals lack sufficient staff, leading to long waiting times."
39,complaint,"Traffic signals in our area are not functioning properly, causing accidents."
40,complaint,"Government hospitals lack sufficient staff, leading to long waiting times."
41,complaint,"Public transportation is overcrowded, making travel uncomfortable."
42,complaint,Public parks are not maintained well and are often dirty.
43,complaint,"Roads in my locality are full of potholes, making commuting very difficult."
44,complaint,"Streetlights are not maintained, making roads unsafe at night."
45,complaint,"The garbage collection in our area is irregular, causing hygiene issues."
46,complaint,"There is no proper drainage system, leading to frequent waterlogging."
47,complaint,"Public transportation is overcrowded, making travel uncomfortable."
48,complaint,"The water supply is inconsistent, and sometimes we get dirty water."
49,complaint,"The garbage collection in our area is irregular, causing hygiene issues."
50,complaint,"Public transportation is overcrowded, making travel uncomfortable."
51,complaint,"Government hospitals lack sufficient staff, leading to long waiting times."
52,complaint,"The water supply is inconsistent, and sometimes we get dirty water."
53,complaint,"Roads in my locality are full of potholes, making commuting very difficult."
54,complaint,"Roads in my locality are full of potholes, making commuting very difficult."
55,complaint,"Traffic signals in our area are not functioning properly, causing accidents."
56,complaint,"The garbage collection in our area is irregular, causing hygiene issues."
57,complaint,"Public transportation is overcrowded, making travel uncomfortable."
58,complaint,"The garbage collection in our area is irregular, causing hygiene issues."
59,complaint,"Traffic signals in our area are not functioning properly, causing accidents."
60,complaint,"Traffic signals in our area are not functioning properly, causing accidents."
61,complaint,"The garbage collection in our area is irregular, causing hygiene issues."
62,complaint,"There is no proper drainage system, leading to frequent waterlogging."
63,complaint,"There is no proper drainage system, leading to frequent waterlogging."
64,complaint,"The garbage collection in our area is irregular, causing hygiene issues."
65,complaint,"Public transportation is overcrowded, making travel uncomfortable."
66,complaint,"The water supply is inconsistent, and sometimes we get dirty water."
67,complaint,"Traffic signals in our area are not functioning properly, causing accidents."
68,complaint,"Electricity outages happen frequently, and no proper response from authorities."
69,complaint,"Traffic signals in our area are not functioning properly, causing accidents."
70,complaint,"Streetlights are not maintained, making roads unsafe at night."
71,complaint,Public parks are not maintained well and are often dirty.
72,complaint,"Roads in my locality are full of potholes, making commuting very difficult."
73,complaint,"Electricity outages happen frequently, and no proper response from authorities."
74,complaint,"The water supply is inconsistent, and sometimes we get dirty water."
75,complaint,"Electricity outages happen frequently, and no proper response from authorities."
76,complaint,Public parks are not maintained well and are often dirty.
77,complaint,"Traffic signals in our area are not functioning properly, causing accidents."
78,complaint,"Streetlights are not maintained, making roads unsafe at night."
79,complaint,"Electricity outages happen frequently, and no proper response from authorities."
80,complaint,"The water supply is inconsistent, and sometimes we get dirty water."
81,complaint,"Electricity outages happen frequently, and no proper response from authorities."
82,complaint,Public parks are not maintained well and are often dirty.
83,complaint,Public parks are not maintained well and are often dirty.
84,complaint,"There is no proper drainage system, leading to frequent waterlogging."
85,complaint,"Public transportation is overcrowded, making travel uncomfortable."
86,complaint,"Roads in my locality are full of potholes, making commuting very difficult."
87,complaint,"Government hospitals lack sufficient staff, leading to long waiting times."
88,complaint,"Streetlights are not maintained, making roads unsafe at night."
89,complaint,"Electricity outages happen frequently, and no proper response from authorities."
90,complaint,"Streetlights are not maintained, making roads unsafe at night."
91,complaint,"Government hospitals lack sufficient staff, leading to long waiting times."
92,complaint,"Government hospitals lack sufficient staff, leading to long waiting times."
93,complaint,"Roads in my locality are full of potholes, making commuting very difficult."
94,complaint,"The water supply is inconsistent, and sometimes we get dirty water."
95,complaint,"There is no proper drainage system, leading to frequent waterlogging."
96,complaint,"Electricity outages happen frequently, and no proper response from authorities."
97,complaint,"Public transportation is overcrowded, making travel uncomfortable."
98,complaint,"Electricity outages happen frequently, and no proper response from authorities."
99,complaint,"Government hospitals lack sufficient staff, leading to long waiting times."
100,complaint,"Traffic signals in our area are not functioning properly, causing accidents."
101,complaint,"Public transportation is overcrowded, making travel uncomfortable."
102,complaint,"There is no proper drainage system, leading to frequent waterlogging."
103,complaint,"Electricity outages happen frequently, and no proper response from authorities."
104,complaint,"Government hospitals lack sufficient staff, leading to long waiting times."
105,complaint,"Roads in my locality are full of potholes, making commuting very difficult."
106,complaint,"Government hospitals lack sufficient staff, leading to long waiting times."
107,complaint,"Government hospitals lack sufficient staff, leading to long waiting times."
108,complaint,"Electricity outages happen frequently, and no proper response from authorities."
109,complaint,"Streetlights are not maintained, making roads unsafe at night."
110,complaint,"Electricity outages happen frequently, and no proper response from authorities."
111,complaint,"Traffic signals in our area are not functioning properly, causing accidents."
112,complaint,Public parks are not maintained well and are often dirty.
113,complaint,"There is no proper drainage system, leading to frequent waterlogging."
114,complaint,"Public transportation is overcrowded, making travel uncomfortable."
115,complaint,"Public transportation is overcrowded, making travel uncomfortable."
116,complaint,"The garbage collection in our area is irregular, causing hygiene issues."
117,complaint,"Public transportation is overcrowded, making travel uncomfortable."
118,complaint,Public parks are not maintained well and are often dirty.
119,complaint,"There is no proper drainage system, leading to frequent waterlogging."
120,complaint,"There is no proper drainage system, leading to frequent waterlogging."
121,complaint,"Public transportation is overcrowded, making travel uncomfortable."
122,complaint,"Public transportation is overcrowded, making travel uncomfortable."
123,complaint,"The garbage collection in our area is irregular, causing hygiene issues."
124,complaint,"Public transportation is overcrowded, making travel uncomfortable."
125,complaint,"Government hospitals lack sufficient staff, leading to long waiting times."
126,complaint,Public parks are not maintained well and are often dirty.
127,complaint,"Streetlights are not maintained, making roads unsafe at night."
128,complaint,"The garbage collection in our area is irregular, causing hygiene issues."
129,complaint,"Streetlights are not maintained, making roads unsafe at night."
130,complaint,"The garbage collection in our area is irregular, causing hygiene issues."
131,complaint,"Traffic signals in our area are not functioning properly, causing accidents."
132,complaint,"Public transportation is overcrowded, making travel uncomfortable."
133,complaint,"Government hospitals lack sufficient staff, leading to long waiting times."
134,complaint,"Public transportation is overcrowded, making travel uncomfortable."
135,complaint,Public parks are not maintained well and are often dirty.
136,complaint,Public parks are not maintained well and are often dirty.
137,complaint,"Electricity outages happen frequently, and no proper response from authorities."
138,complaint,"Government hospitals lack sufficient staff, leading to long waiting times."
139,complaint,"The garbage collection in our area is irregular, causing hygiene issues."
140,complaint,"There is no proper drainage system, leading to frequent waterlogging."
141,complaint,"The water supply is inconsistent, and sometimes we get dirty water."
142,complaint,"The garbage collection in our area is irregular, causing hygiene issues."
143,complaint,"The water supply is inconsistent, and sometimes we get dirty water."
144,complaint,"Traffic signals in our area are not functioning properly, causing accidents."
145,complaint,"Government hospitals lack sufficient staff, leading to long waiting times."
146,complaint,"Roads in my locality are full of potholes, making commuting very difficult."
147,complaint,"The garbage collection in our area is irregular, causing hygiene issues."
148,complaint,"Roads in my locality are full of potholes, making commuting very difficult."
149,complaint,"Roads in my locality are full of potholes, making commuting very difficult."
150,complaint,"There is no proper drainage system, leading to frequent waterlogging."
151,complaint,"There is no proper drainage system, leading to frequent waterlogging."
152,complaint,"Public transportation is overcrowded, making travel uncomfortable."
153,complaint,"Roads in my locality are full of potholes, making commuting very difficult."
154,complaint,"Electricity outages happen frequently, and no proper response from authorities."
155,complaint,Public parks are not maintained well and are often dirty.
156,complaint,"There is no proper drainage system, leading to frequent waterlogging."
157,complaint,"Electricity outages happen frequently, and no proper response from authorities."
158,complaint,"Traffic signals in our area are not functioning properly, causing accidents."
159,complaint,Public parks are not maintained well and are often dirty.
160,complaint,"The water supply is inconsistent, and sometimes we get dirty water."
161,complaint,"Traffic signals in our area are not functioning properly, causing accidents."
162,complaint,"Traffic signals in our area are not functioning properly, causing accidents."
163,complaint,Public parks are not maintained well and are often dirty.
164,complaint,"There is no proper drainage system, leading to frequent waterlogging."
165,complaint,Public parks are not maintained well and are often dirty.
166,complaint,"The garbage collection in our area is irregular, causing hygiene issues."
167,complaint,"The garbage collection in our area is irregular, causing hygiene issues."
168,complaint,"Public transportation is overcrowded, making travel uncomfortable."
169,complaint,Public parks are not maintained well and are often dirty.
170,complaint,"Traffic signals in our area are not functioning properly, causing accidents."
171,complaint,"Traffic signals in our area are not functioning properly, causing accidents."
172,complaint,"The water supply is inconsistent, and sometimes we get dirty water."
173,complaint,"There is no proper drainage system, leading to frequent waterlogging."
174,complaint,"Electricity outages happen frequently, and no proper response from authorities."
175,complaint,"Government hospitals lack sufficient staff, leading to long waiting times."
176,complaint,"Roads in my locality are full of potholes, making commuting very difficult."
177,complaint,"Streetlights are not maintained, making roads unsafe at night."
178,complaint,Public parks are not maintained well and are often dirty.
179,complaint,"Public transportation is overcrowded, making travel uncomfortable."
180,complaint,Public parks are not maintained well and are often dirty.
181,complaint,"Electricity outages happen frequently, and no proper response from authorities."
182,complaint,"Traffic signals in our area are not functioning properly, causing accidents."
183,complaint,"Government hospitals lack sufficient staff, leading to long waiting times."
184,complaint,"Public transportation is overcrowded, making travel uncomfortable."
185,complaint,"Electricity outages happen frequently, and no proper response from authorities."
186,complaint,"Streetlights are not maintained, making roads unsafe at night."
187,complaint,"Public transportation is overcrowded, making travel uncomfortable."
188,complaint,"Roads in my locality are full of potholes, making commuting very difficult."
189,complaint,"Roads in my locality are full of potholes, making commuting very difficult."
190,complaint,"The water supply is inconsistent, and sometimes we get dirty water."
191,complaint,"Government hospitals lack sufficient staff, leading to long waiting times."
192,complaint,"There is no proper drainage system, leading to frequent waterlogging."
193,complaint,"Public transportation is overcrowded, making travel uncomfortable."
194,complaint,Public parks are not maintained well and are often dirty.
195,complaint,"Traffic signals in our area are not functioning properly, causing accidents."
196,complaint,"Roads in my locality are full of potholes, making commuting very difficult."
197,complaint,"Traffic signals in our area are not functioning properly, causing accidents."
198,complaint,"The garbage collection in our area is irregular, causing hygiene issues."
199,complaint,"Public transportation is overcrowded, making travel uncomfortable."
200,complaint,"The water supply is inconsistent, and sometimes we get dirty water."
201,complaint,"The water supply is inconsistent, and sometimes we get dirty water."
202,complaint,"Public transportation is overcrowded, making travel uncomfortable."
203,complaint,"Government hospitals lack sufficient staff, leading to long waiting times."
204,complaint,"Electricity outages happen frequently, and no proper response from authorities."
205,complaint,"Electricity outages happen frequently, and no proper response from authorities."
206,complaint,"Traffic signals in our area are not functioning properly, causing accidents."
207,complaint,"The garbage collection in our area is irregular, causing hygiene issues."
208,complaint,"The water supply is inconsistent, and sometimes we get dirty water."
209,complaint,"Streetlights are not maintained, making roads unsafe at night."
210,complaint,"Roads in my locality are full of potholes, making commuting very difficult."
211,complaint,"Roads in my locality are full of potholes, making commuting very difficult."
212,complaint,"The garbage collection in our area is irregular, causing hygiene issues."
213,complaint,"Traffic signals in our area are not functioning properly, causing accidents."
214,complaint,"Government hospitals lack sufficient staff, leading to long waiting times."
215,complaint,"The water supply is inconsistent, and sometimes we get dirty water."
216,complaint,"Traffic signals in our area are not functioning properly, causing accidents."
217,complaint,"Public transportation is overcrowded, making travel uncomfortable."
218,complaint,"Public transportation is overcrowded, making travel uncomfortable."
219,complaint,"Traffic signals in our area are not functioning properly, causing accidents."
220,complaint,"Public transportation is overcrowded, making travel uncomfortable."
221,complaint,"The water supply is inconsistent, and sometimes we get dirty water."
222,complaint,"Roads in my locality are full of potholes, making commuting very difficult."
223,complaint,"There is no proper drainage system, leading to frequent waterlogging."
224,complaint,"Roads in my locality are full of potholes, making commuting very difficult."
225,complaint,"Electricity outages happen frequently, and no proper response from authorities."
226,complaint,"The water supply is inconsistent, and sometimes we get dirty water."
227,complaint,Public parks are not maintained well and are often dirty.
228,complaint,"Traffic signals in our area are not functioning properly, causing accidents."
229,complaint,"The garbage collection in our area is irregular, causing hygiene issues."
230,complaint,Public parks are not maintained well and are often dirty.
231,complaint,"Traffic signals in our area are not functioning properly, causing accidents."
232,complaint,"Streetlights are not maintained, making roads unsafe at night."
233,complaint,"Electricity outages happen frequently, and no proper response from authorities."
234,complaint,"Government hospitals lack sufficient staff, leading to long waiting times."
235,complaint,"Electricity outages happen frequently, and no proper response from authorities."
236,complaint,"Traffic signals in our area are not functioning properly, causing accidents."
237,complaint,"Public transportation is overcrowded, making travel uncomfortable."
238,complaint,"The garbage collection in our area is irregular, causing hygiene issues."
239,complaint,Public parks are not maintained well and are often dirty.
240,complaint,"The water supply is inconsistent, and sometimes we get dirty water."
241,complaint,"Electricity outages happen frequently, and no proper response from authorities."
242,complaint,"Government hospitals lack sufficient staff, leading to long waiting times."
243,complaint,"Public transportation is overcrowded, making travel uncomfortable."
244,complaint,"Government hospitals lack sufficient staff, leading to long waiting times."
245,complaint,"Government hospitals lack sufficient staff, leading to long waiting times."
246,complaint,"Public transportation is overcrowded, making travel uncomfortable."
247,complaint,"The garbage collection in our area is irregular, causing hygiene issues."
248,complaint,Public parks are not maintained well and are often dirty.
249,complaint,"Traffic signals in our area are not functioning properly, causing accidents."
250,complaint,"The garbage collection in our area is irregular, causing hygiene issues."
251,complaint,"Roads in my locality are full of potholes, making commuting very difficult."
252,complaint,Public parks are not maintained well and are often dirty.
253,complaint,Public parks are not maintained well and are often dirty.
254,complaint,"The garbage collection in our area is irregular, causing hygiene issues."
255,complaint,"Traffic signals in our area are not functioning properly, causing accidents."
256,complaint,"The garbage collection in our area is irregular, causing hygiene issues."
257,complaint,Public parks are not maintained well and are often dirty.
258,complaint,"Roads in my locality are full of potholes, making commuting very difficult."
259,complaint,"Streetlights are not maintained, making roads unsafe at night."
260,complaint,"The garbage collection in our area is irregular, causing hygiene issues."
261,complaint,"The garbage collection in our area is irregular, causing hygiene issues."
262,complaint,"Electricity outages happen frequently, and no proper response from authorities."
263,complaint,Public parks are not maintained well and are often dirty.
264,complaint,"The garbage collection in our area is irregular, causing hygiene issues."
265,complaint,"The water supply is inconsistent, and sometimes we get dirty water."
266,complaint,"The water supply is inconsistent, and sometimes we get dirty water."
267,complaint,"Traffic signals in our area are not functioning properly, causing accidents."
268,complaint,"The garbage collection in our area is irregular, causing hygiene issues."
269,complaint,"The water supply is inconsistent, and sometimes we get dirty water."
270,complaint,"Streetlights are not maintained, making roads unsafe at night."
271,complaint,"The garbage collection in our area is irregular, causing hygiene issues."
272,complaint,"Traffic signals in our area are not functioning properly, causing accidents."
273,complaint,"Traffic signals in our area are not functioning properly, causing accidents."
274,complaint,"Traffic signals in our area are not functioning properly, causing accidents."
275,complaint,"The garbage collection in our area is irregular, causing hygiene issues."
276,complaint,Public parks are not maintained well and are often dirty.
277,complaint,Public parks are not maintained well and are often dirty.
278,complaint,"The garbage collection in our area is irregular, causing hygiene issues."
279,complaint,Public parks are not maintained well and are often dirty.
280,complaint,"Electricity outages happen frequently, and no proper response from authorities."
281,complaint,"Public transportation is overcrowded, making travel uncomfortable."
282,complaint,Public parks are not maintained well and are often dirty.
283,complaint,"Traffic signals in our area are not functioning properly, causing accidents."
284,complaint,"Streetlights are not maintained, making roads unsafe at night."
285,complaint,"Traffic signals in our area are not functioning properly, causing accidents."
286,complaint,Public parks are not maintained well and are often dirty.
287,complaint,"Traffic signals in our area are not functioning properly, causing accidents."
288,complaint,"Public transportation is overcrowded, making travel uncomfortable."
289,complaint,"Roads in my locality are full of potholes, making commuting very difficult."
290,complaint,"The water supply is inconsistent, and sometimes we get dirty water."
291,complaint,"Public transportation is overcrowded, making travel uncomfortable."
292,complaint,Public parks are not maintained well and are often dirty.
293,complaint,"Government hospitals lack sufficient staff, leading to long waiting times."
294,complaint,"Government hospitals lack sufficient staff, leading to long waiting times."
295,complaint,"Government hospitals lack sufficient staff, leading to long waiting times."
296,complaint,"Public transportation is overcrowded, making travel uncomfortable."
297,complaint,"Public transportation is overcrowded, making travel uncomfortable."
298,complaint,"The water supply is inconsistent, and sometimes we get dirty water."
299,complaint,"Roads in my locality are full of potholes, making commuting very difficult."
300,complaint,"Government hospitals lack sufficient staff, leading to long waiting times."
301,complaint,"There is no proper drainage system, leading to frequent waterlogging."
302,complaint,"The garbage collection in our area is irregular, causing hygiene issues."
303,complaint,"Roads in my locality are full of potholes, making commuting very difficult."
304,complaint,"Government hospitals lack sufficient staff, leading to long waiting times."
305,complaint,"The water supply is inconsistent, and sometimes we get dirty water."
306,complaint,"Streetlights are not maintained, making roads unsafe at night."
307,complaint,"Electricity outages happen frequently, and no proper response from authorities."
308,complaint,"There is no proper drainage system, leading to frequent waterlogging."
309,complaint,"The water supply is inconsistent, and sometimes we get dirty water."
310,complaint,"The water supply is inconsistent, and sometimes we get dirty water."
311,complaint,"The water supply is inconsistent, and sometimes we get dirty water."
312,complaint,"Public transportation is overcrowded, making travel uncomfortable."
313,complaint,"Electricity outages happen frequently, and no proper response from authorities."
314,complaint,Public parks are not maintained well and are often dirty.
315,complaint,"Streetlights are not maintained, making roads unsafe at night."
316,complaint,Public parks are not maintained well and are often dirty.
317,complaint,"Government hospitals lack sufficient staff, leading to long waiting times."
318,complaint,"Traffic signals in our area are not functioning properly, causing accidents."
319,complaint,"The water supply is inconsistent, and sometimes we get dirty water."
320,complaint,"Public transportation is overcrowded, making travel uncomfortable."
321,complaint,"The water supply is inconsistent, and sometimes we get dirty water."
322,complaint,"Traffic signals in our area are not functioning properly, causing accidents."
323,complaint,Public parks are not maintained well and are often dirty.
324,complaint,"Electricity outages happen frequently, and no proper response from authorities."
325,complaint,"There is no proper drainage system, leading to frequent waterlogging."
326,complaint,"The garbage collection in our area is irregular, causing hygiene issues."
327,complaint,"Public transportation is overcrowded, making travel uncomfortable."
328,complaint,"Traffic signals in our area are not functioning properly, causing accidents."
329,complaint,"The water supply is inconsistent, and sometimes we get dirty water."
330,complaint,"Roads in my locality are full of potholes, making commuting very difficult."
331,complaint,"There is no proper drainage system, leading to frequent waterlogging."
332,complaint,"Streetlights are not maintained, making roads unsafe at night."
333,complaint,"Government hospitals lack sufficient staff, leading to long waiting times."
334,complaint,"The water supply is inconsistent, and sometimes we get dirty water."
335,complaint,"Roads in my locality are full of potholes, making commuting very difficult."
336,complaint,"Government hospitals lack sufficient staff, leading to long waiting times."
337,complaint,"Public transportation is overcrowded, making travel uncomfortable."
338,complaint,"Traffic signals in our area are not functioning properly, causing accidents."
339,complaint,"The water supply is inconsistent, and sometimes we get dirty water."
340,complaint,"Government hospitals lack sufficient staff, leading to long waiting times."
341,complaint,"The water supply is inconsistent, and sometimes we get dirty water."
342,complaint,"Traffic signals in our area are not functioning properly, causing accidents."
343,complaint,"Public transportation is overcrowded, making travel uncomfortable."
344,complaint,Public parks are not maintained well and are often dirty.
345,complaint,"Traffic signals in our area are not functioning properly, causing accidents."
346,complaint,"The water supply is inconsistent, and sometimes we get dirty water."
347,complaint,"The water supply is inconsistent, and sometimes we get dirty water."
348,complaint,"The water supply is inconsistent, and sometimes we get dirty water."
349,complaint,"Traffic signals in our area are not functioning properly, causing accidents."
350,complaint,"Streetlights are not maintained, making roads unsafe at night."
351,complaint,"Roads in my locality are full of potholes, making commuting very difficult."
352,complaint,"The garbage collection in our area is irregular, causing hygiene issues."
353,complaint,"Government hospitals lack sufficient staff, leading to long waiting times."
354,complaint,"There is no proper drainage system, leading to frequent waterlogging."
355,complaint,"Traffic signals in our area are not functioning properly, causing accidents."
356,complaint,"Government hospitals lack sufficient staff, leading to long waiting times."
357,complaint,"Public transportation is overcrowded, making travel uncomfortable."
358,complaint,"Streetlights are not maintained, making roads unsafe at night."
359,complaint,"Public transportation is overcrowded, making travel uncomfortable."
360,complaint,"Government hospitals lack sufficient staff, leading to long waiting times."
361,complaint,"The garbage collection in our area is irregular, causing hygiene issues."
362,complaint,"The garbage collection in our area is irregular, causing hygiene issues."
363,complaint,"The garbage collection in our area is irregular, causing hygiene issues."
364,complaint,"Streetlights are not maintained, making roads unsafe at night."
365,complaint,"There is no proper drainage system, leading to frequent waterlogging."
366,complaint,"There is no proper drainage system, leading to frequent waterlogging."
367,complaint,"Government hospitals lack sufficient staff, leading to long waiting times."
368,complaint,"Traffic signals in our area are not functioning properly, causing accidents."
369,complaint,"Electricity outages happen frequently, and no proper response from authorities."
370,complaint,"Traffic signals in our area are not functioning properly, causing accidents."
371,complaint,"Electricity outages happen frequently, and no proper response from authorities."
372,complaint,"The water supply is inconsistent, and sometimes we get dirty water."
373,complaint,"There is no proper drainage system, leading to frequent waterlogging."
374,complaint,"Electricity outages happen frequently, and no proper response from authorities."
375,complaint,"Streetlights are not maintained, making roads unsafe at night."
376,complaint,"Roads in my locality are full of potholes, making commuting very difficult."
377,complaint,"Public transportation is overcrowded, making travel uncomfortable."
378,complaint,"There is no proper drainage system, leading to frequent waterlogging."
379,complaint,"Electricity outages happen frequently, and no proper response from authorities."
380,complaint,"Public transportation is overcrowded, making travel uncomfortable."
381,complaint,"Electricity outages happen frequently, and no proper response from authorities."
382,complaint,Public parks are not maintained well and are often dirty.
383,complaint,"Government hospitals lack sufficient staff, leading to long waiting times."
384,complaint,"The garbage collection in our area is irregular, causing hygiene issues."
385,complaint,"Traffic signals in our area are not functioning properly, causing accidents."
386,complaint,"Electricity outages happen frequently, and no proper response from authorities."
387,complaint,"Government hospitals lack sufficient staff, leading to long waiting times."
388,complaint,Public parks are not maintained well and are often dirty.
389,complaint,"There is no proper drainage system, leading to frequent waterlogging."
390,complaint,"Roads in my locality are full of potholes, making commuting very difficult."
391,complaint,"Electricity outages happen frequently, and no proper response from authorities."
392,complaint,"Traffic signals in our area are not functioning properly, causing accidents."
393,complaint,"Traffic signals in our area are not functioning properly, causing accidents."
394,complaint,"Traffic signals in our area are not functioning properly, causing accidents."
395,complaint,"There is no proper drainage system, leading to frequent waterlogging."
396,complaint,Public parks are not maintained well and are often dirty.
397,complaint,Public parks are not maintained well and are often dirty.
398,complaint,"The garbage collection in our area is irregular, causing hygiene issues."
399,complaint,"There is no proper drainage system, leading to frequent waterlogging."
400,complaint,"Government hospitals lack sufficient staff, leading to long waiting times."
401,complaint,"Government hospitals lack sufficient staff, leading to long waiting times."
402,complaint,"Electricity outages happen frequently, and no proper response from authorities."
403,complaint,"Public transportation is overcrowded, making travel uncomfortable."
404,complaint,"The water supply is inconsistent, and sometimes we get dirty water."
405,complaint,"Electricity outages happen frequently, and no proper response from authorities."
406,complaint,Public parks are not maintained well and are often dirty.
407,complaint,"Traffic signals in our area are not functioning properly, causing accidents."
408,complaint,"Public transportation is overcrowded, making travel uncomfortable."
409,complaint,Public parks are not maintained well and are often dirty.
410,complaint,Public parks are not maintained well and are often dirty.
411,complaint,"There is no proper drainage system, leading to frequent waterlogging."
412,complaint,Public parks are not maintained well and are often dirty.
413,complaint,"Roads in my locality are full of potholes, making commuting very difficult."
414,complaint,"The water supply is inconsistent, and sometimes we get dirty water."
415,complaint,"The garbage collection in our area is irregular, causing hygiene issues."
416,complaint,"Government hospitals lack sufficient staff, leading to long waiting times."
417,complaint,Public parks are not maintained well and are often dirty.
418,complaint,"Government hospitals lack sufficient staff, leading to long waiting times."
419,complaint,"Electricity outages happen frequently, and no proper response from authorities."
420,complaint,"Government hospitals lack sufficient staff, leading to long waiting times."
421,complaint,"Roads in my locality are full of potholes, making commuting very difficult."
422,complaint,"Streetlights are not maintained, making roads unsafe at night."
423,complaint,"Roads in my locality are full of potholes, making commuting very difficult."
424,complaint,"Traffic signals in our area are not functioning properly, causing accidents."
425,complaint,"Traffic signals in our area are not functioning properly, causing accidents."
426,complaint,"The garbage collection in our area is irregular, causing hygiene issues."
427,complaint,"Government hospitals lack sufficient staff, leading to long waiting times."
428,complaint,"There is no proper drainage system, leading to frequent waterlogging."
429,complaint,"Traffic signals in our area are not functioning properly, causing accidents."
430,complaint,"Government hospitals lack sufficient staff, leading to long waiting times."
431,complaint,"The water supply is inconsistent, and sometimes we get dirty water."
432,complaint,Public parks are not maintained well and are often dirty.
433,complaint,"The water supply is inconsistent, and sometimes we get dirty water."
434,complaint,"Streetlights are not maintained, making roads unsafe at night."
435,complaint,"Roads in my locality are full of potholes, making commuting very difficult."
436,complaint,"Public transportation is overcrowded, making travel uncomfortable."
437,complaint,"The water supply is inconsistent, and sometimes we get dirty water."
438,complaint,"There is no proper drainage system, leading to frequent waterlogging."
439,complaint,"There is no proper drainage system, leading to frequent waterlogging."
440,complaint,"There is no proper drainage system, leading to frequent waterlogging."
441,complaint,"The water supply is inconsistent, and sometimes we get dirty water."
442,complaint,"The water supply is inconsistent, and sometimes we get dirty water."
443,complaint,Public parks are not maintained well and are often dirty.
444,complaint,"Electricity outages happen frequently, and no proper response from authorities."
445,complaint,"The garbage collection in our area is irregular, causing hygiene issues."
446,complaint,"The water supply is inconsistent, and sometimes we get dirty water."
447,complaint,"Government hospitals lack sufficient staff, leading to long waiting times."
448,complaint,"Government hospitals lack sufficient staff, leading to long waiting times."
449,complaint,"Electricity outages happen frequently, and no proper response from authorities."
450,complaint,"Government hospitals lack sufficient staff, leading to long waiting times."
451,complaint,"The garbage collection in our area is irregular, causing hygiene issues."
452,complaint,"Traffic signals in our area are not functioning properly, causing accidents."
453,complaint,"Traffic signals in our area are not functioning properly, causing accidents."
454,complaint,"Government hospitals lack sufficient staff, leading to long waiting times."
455,complaint,"Government hospitals lack sufficient staff, leading to long waiting times."
456,complaint,"Roads in my locality are full of potholes, making commuting very difficult."
457,complaint,"Government hospitals lack sufficient staff, leading to long waiting times."
458,complaint,"Roads in my locality are full of potholes, making commuting very difficult."
459,complaint,"The garbage collection in our area is irregular, causing hygiene issues."
460,complaint,"Public transportation is overcrowded, making travel uncomfortable."
461,complaint,"Public transportation is overcrowded, making travel uncomfortable."
462,complaint,"Public transportation is overcrowded, making travel uncomfortable."
463,complaint,"The garbage collection in our area is irregular, causing hygiene issues."
464,complaint,"Streetlights are not maintained, making roads unsafe at night."
465,complaint,"The garbage collection in our area is irregular, causing hygiene issues."
466,complaint,"Government hospitals lack sufficient staff, leading to long waiting times."
467,complaint,Public parks are not maintained well and are often dirty.
468,complaint,"Electricity outages happen frequently, and no proper response from authorities."
469,complaint,"The water supply is inconsistent, and sometimes we get dirty water."
470,complaint,"Electricity outages happen frequently, and no proper response from authorities."
471,complaint,"There is no proper drainage system, leading to frequent waterlogging."
472,complaint,"Streetlights are not maintained, making roads unsafe at night."
473,complaint,"Public transportation is overcrowded, making travel uncomfortable."
474,complaint,"Roads in my locality are full of potholes, making commuting very difficult."
475,complaint,"Streetlights are not maintained, making roads unsafe at night."
476,complaint,"Roads in my locality are full of potholes, making commuting very difficult."
477,complaint,"Public transportation is overcrowded, making travel uncomfortable."
478,complaint,"There is no proper drainage system, leading to frequent waterlogging."
479,complaint,"Roads in my locality are full of potholes, making commuting very difficult."
480,complaint,"Public transportation is overcrowded, making travel uncomfortable."
481,complaint,"Streetlights are not maintained, making roads unsafe at night."
482,complaint,"The water supply is inconsistent, and sometimes we get dirty water."
483,complaint,"Streetlights are not maintained, making roads unsafe at night."
484,complaint,"Government hospitals lack sufficient staff, leading to long waiting times."
485,complaint,"The garbage collection in our area is irregular, causing hygiene issues."
486,complaint,"There is no proper drainage system, leading to frequent waterlogging."
487,complaint,"The water supply is inconsistent, and sometimes we get dirty water."
488,complaint,"Public transportation is overcrowded, making travel uncomfortable."
489,complaint,"Roads in my locality are full of potholes, making commuting very difficult."
490,complaint,"Roads in my locality are full of potholes, making commuting very difficult."
491,complaint,"Streetlights are not maintained, making roads unsafe at night."
492,complaint,"Public transportation is overcrowded, making travel uncomfortable."
493,complaint,"The water supply is inconsistent, and sometimes we get dirty water."
494,complaint,"Government hospitals lack sufficient staff, leading to long waiting times."
495,complaint,"The garbage collection in our area is irregular, causing hygiene issues."
496,complaint,Public parks are not maintained well and are often dirty.
497,complaint,"Roads in my locality are full of potholes, making commuting very difficult."
498,complaint,Public parks are not maintained well and are often dirty.
499,complaint,"Electricity outages happen frequently, and no proper response from authorities."
500,complaint,"Public transportation is overcrowded, making travel uncomfortable."
501,complaint,"Government hospitals lack sufficient staff, leading to long waiting times."
502,complaint,"Roads in my locality are full of potholes, making commuting very difficult."
503,complaint,"There is no proper drainage system, leading to frequent waterlogging."
504,complaint,"There is no proper drainage system, leading to frequent waterlogging."
505,complaint,"The garbage collection in our area is irregular, causing hygiene issues."
506,complaint,"Roads in my locality are full of potholes, making commuting very difficult."
507,complaint,"There is no proper drainage system, leading to frequent waterlogging."
508,complaint,"Roads in my locality are full of potholes, making commuting very difficult."
509,complaint,"The garbage collection in our area is irregular, causing hygiene issues."
510,complaint,"Government hospitals lack sufficient staff, leading to long waiting times."
511,complaint,"Roads in my locality are full of potholes, making commuting very difficult."
512,complaint,"Traffic signals in our area are not functioning properly, causing accidents."
513,complaint,"Electricity outages happen frequently, and no proper response from authorities."
514,complaint,"Public transportation is overcrowded, making travel uncomfortable."
515,complaint,"Traffic signals in our area are not functioning properly, causing accidents."
516,complaint,"Traffic signals in our area are not functioning properly, causing accidents."
517,complaint,"Government hospitals lack sufficient staff, leading to long waiting times."
518,complaint,"Public transportation is overcrowded, making travel uncomfortable."
519,complaint,"Electricity outages happen frequently, and no proper response from authorities."
520,complaint,"The garbage collection in our area is irregular, causing hygiene issues."
521,complaint,"Streetlights are not maintained, making roads unsafe at night."
522,complaint,"Streetlights are not maintained, making roads unsafe at night."
523,complaint,"Public transportation is overcrowded, making travel uncomfortable."
524,complaint,"Streetlights are not maintained, making roads unsafe at night."
525,complaint,"Public transportation is overcrowded, making travel uncomfortable."
526,complaint,Public parks are not maintained well and are often dirty.
527,complaint,"Electricity outages happen frequently, and no proper response from authorities."
528,complaint,"Streetlights are not maintained, making roads unsafe at night."
529,complaint,"The garbage collection in our area is irregular, causing hygiene issues."
530,complaint,"Streetlights are not maintained, making roads unsafe at night."
531,complaint,"Traffic signals in our area are not functioning properly, causing accidents."
532,complaint,"Public transportation is overcrowded, making travel uncomfortable."
533,complaint,"Public transportation is overcrowded, making travel uncomfortable."
534,complaint,"Roads in my locality are full of potholes, making commuting very difficult."
535,complaint,"Government hospitals lack sufficient staff, leading to long waiting times."
536,complaint,"There is no proper drainage system, leading to frequent waterlogging."
537,complaint,"Public transportation is overcrowded, making travel uncomfortable."
538,complaint,"Government hospitals lack sufficient staff, leading to long waiting times."
539,complaint,"The garbage collection in our area is irregular, causing hygiene issues."
540,complaint,"Government hospitals lack sufficient staff, leading to long waiting times."
541,complaint,"Government hospitals lack sufficient staff, leading to long waiting times."
542,complaint,"There is no proper drainage system, leading to frequent waterlogging."
543,complaint,"Electricity outages happen frequently, and no proper response from authorities."
544,complaint,"There is no proper drainage system, leading to frequent waterlogging."
545,complaint,"The garbage collection in our area is irregular, causing hygiene issues."
546,complaint,Public parks are not maintained well and are often dirty.
547,complaint,"The water supply is inconsistent, and sometimes we get dirty water."
548,complaint,"Public transportation is overcrowded, making travel uncomfortable."
549,complaint,"Streetlights are not maintained, making roads unsafe at night."
550,complaint,"Electricity outages happen frequently, and no proper response from authorities."
551,complaint,"Government hospitals lack sufficient staff, leading to long waiting times."
552,complaint,"Government hospitals lack sufficient staff, leading to long waiting times."
553,complaint,"There is no proper drainage system, leading to frequent waterlogging."
554,complaint,"Streetlights are not maintained, making roads unsafe at night."
555,complaint,"Government hospitals lack sufficient staff, leading to long waiting times."
556,complaint,Public parks are not maintained well and are often dirty.
557,complaint,"Electricity outages happen frequently, and no proper response from authorities."
558,complaint,"Government hospitals lack sufficient staff, leading to long waiting times."
559,complaint,"Public transportation is overcrowded, making travel uncomfortable."
560,complaint,"Traffic signals in our area are not functioning properly, causing accidents."
561,complaint,"The garbage collection in our area is irregular, causing hygiene issues."
562,complaint,"The garbage collection in our area is irregular, causing hygiene issues."
563,complaint,"Government hospitals lack sufficient staff, leading to long waiting times."
564,complaint,"Streetlights are not maintained, making roads unsafe at night."
565,complaint,"Streetlights are not maintained, making roads unsafe at night."
566,complaint,"Public transportation is overcrowded, making travel uncomfortable."
567,complaint,"Streetlights are not maintained, making roads unsafe at night."
568,complaint,"Roads in my locality are full of potholes, making commuting very difficult."
569,complaint,"Electricity outages happen frequently, and no proper response from authorities."
570,complaint,Public parks are not maintained well and are often dirty.
571,complaint,"Traffic signals in our area are not functioning properly, causing accidents."
572,complaint,"There is no proper drainage system, leading to frequent waterlogging."
573,complaint,"The water supply is inconsistent, and sometimes we get dirty water."
574,complaint,Public parks are not maintained well and are often dirty.
575,complaint,"Electricity outages happen frequently, and no proper response from authorities."
576,complaint,"The water supply is inconsistent, and sometimes we get dirty water."
577,complaint,"The garbage collection in our area is irregular, causing hygiene issues."
578,complaint,"There is no proper drainage system, leading to frequent waterlogging."
579,complaint,"Traffic signals in our area are not functioning properly, causing accidents."
580,complaint,"The water supply is inconsistent, and sometimes we get dirty water."
581,complaint,"Roads in my locality are full of potholes, making commuting very difficult."
582,complaint,"Traffic signals in our area are not functioning properly, causing accidents."
583,complaint,"The water supply is inconsistent, and sometimes we get dirty water."
584,complaint,"Government hospitals lack sufficient staff, leading to long waiting times."
585,complaint,Public parks are not maintained well and are often dirty.
586,complaint,"Public transportation is overcrowded, making travel uncomfortable."
587,complaint,"Traffic signals in our area are not functioning properly, causing accidents."
588,complaint,"Electricity outages happen frequently, and no proper response from authorities."
589,complaint,"Government hospitals lack sufficient staff, leading to long waiting times."
590,complaint,"Electricity outages happen frequently, and no proper response from authorities."
591,complaint,"Roads in my locality are full of potholes, making commuting very difficult."
592,complaint,"Electricity outages happen frequently, and no proper response from authorities."
593,complaint,"Electricity outages happen frequently, and no proper response from authorities."
594,complaint,"Traffic signals in our area are not functioning properly, causing accidents."
595,complaint,Public parks are not maintained well and are often dirty.
596,complaint,Public parks are not maintained well and are often dirty.
597,complaint,"Public transportation is overcrowded, making travel uncomfortable."
598,complaint,Public parks are not maintained well and are often dirty.
599,complaint,"The garbage collection in our area is irregular, causing hygiene issues."
600,complaint,"There is no proper drainage system, leading to frequent waterlogging."
601,complaint,"Electricity outages happen frequently, and no proper response from authorities."
602,complaint,"Streetlights are not maintained, making roads unsafe at night."
603,complaint,"Government hospitals lack sufficient staff, leading to long waiting times."
604,complaint,Public parks are not maintained well and are often dirty.
605,complaint,"Traffic signals in our area are not functioning properly, causing accidents."
606,complaint,"The water supply is inconsistent, and sometimes we get dirty water."
607,complaint,"The water supply is inconsistent, and sometimes we get dirty water."
608,complaint,"There is no proper drainage system, leading to frequent waterlogging."
609,complaint,"Electricity outages happen frequently, and no proper response from authorities."
610,complaint,"Government hospitals lack sufficient staff, leading to long waiting times."
611,complaint,"The water supply is inconsistent, and sometimes we get dirty water."
612,complaint,"There is no proper drainage system, leading to frequent waterlogging."
613,complaint,"The water supply is inconsistent, and sometimes we get dirty water."
614,complaint,"There is no proper drainage system, leading to frequent waterlogging."
615,complaint,"Traffic signals in our area are not functioning properly, causing accidents."
616,complaint,"Roads in my locality are full of potholes, making commuting very difficult."
617,complaint,"Public transportation is overcrowded, making travel uncomfortable."
618,complaint,"Streetlights are not maintained, making roads unsafe at night."
619,complaint,"Roads in my locality are full of potholes, making commuting very difficult."
620,complaint,"Public transportation is overcrowded, making travel uncomfortable."
621,complaint,Public parks are not maintained well and are often dirty.
622,complaint,"The garbage collection in our area is irregular, causing hygiene issues."
623,complaint,Public parks are not maintained well and are often dirty.
624,complaint,"There is no proper drainage system, leading to frequent waterlogging."
625,complaint,"Public transportation is overcrowded, making travel uncomfortable."
626,complaint,"Public transportation is overcrowded, making travel uncomfortable."
627,complaint,"Roads in my locality are full of potholes, making commuting very difficult."
628,complaint,"The garbage collection in our area is irregular, causing hygiene issues."
629,complaint,"The garbage collection in our area is irregular, causing hygiene issues."
630,complaint,"Government hospitals lack sufficient staff, leading to long waiting times."
631,complaint,"Roads in my locality are full of potholes, making commuting very difficult."
632,complaint,"Traffic signals in our area are not functioning properly, causing accidents."
633,complaint,"Traffic signals in our area are not functioning properly, causing accidents."
634,complaint,"Electricity outages happen frequently, and no proper response from authorities."
635,complaint,"Public transportation is overcrowded, making travel uncomfortable."
636,complaint,"Roads in my locality are full of potholes, making commuting very difficult."
637,complaint,"There is no proper drainage system, leading to frequent waterlogging."
638,complaint,"There is no proper drainage system, leading to frequent waterlogging."
639,complaint,"Streetlights are not maintained, making roads unsafe at night."
640,complaint,"Traffic signals in our area are not functioning properly, causing accidents."
641,complaint,"Government hospitals lack sufficient staff, leading to long waiting times."
642,complaint,"Traffic signals in our area are not functioning properly, causing accidents."
643,complaint,"Electricity outages happen frequently, and no proper response from authorities."
644,complaint,"The garbage collection in our area is irregular, causing hygiene issues."
645,complaint,"Traffic signals in our area are not functioning properly, causing accidents."
646,complaint,"The garbage collection in our area is irregular, causing hygiene issues."
647,complaint,"There is no proper drainage system, leading to frequent waterlogging."
648,complaint,"Streetlights are not maintained, making roads unsafe at night."
649,complaint,"The water supply is inconsistent, and sometimes we get dirty water."
650,complaint,"Roads in my locality are full of potholes, making commuting very difficult."
651,complaint,"The garbage collection in our area is irregular, causing hygiene issues."
652,complaint,Public parks are not maintained well and are often dirty.
653,complaint,Public parks are not maintained well and are often dirty.
654,complaint,Public parks are not maintained well and are often dirty.
655,complaint,Public parks are not maintained well and are often dirty.
656,complaint,"The garbage collection in our area is irregular, causing hygiene issues."
657,complaint,"The garbage collection in our area is irregular, causing hygiene issues."
658,complaint,"There is no proper drainage system, leading to frequent waterlogging."
659,complaint,Public parks are not maintained well and are often dirty.
660,complaint,"Streetlights are not maintained, making roads unsafe at night."
661,complaint,"Roads in my locality are full of potholes, making commuting very difficult."
662,complaint,"The water supply is inconsistent, and sometimes we get dirty water."
663,complaint,"The water supply is inconsistent, and sometimes we get dirty water."
664,complaint,"Public transportation is overcrowded, making travel uncomfortable."
665,complaint,"Government hospitals lack sufficient staff, leading to long waiting times."
666,complaint,"Government hospitals lack sufficient staff, leading to long waiting times."
667,complaint,"Traffic signals in our area are not functioning properly, causing accidents."
668,complaint,"Roads in my locality are full of potholes, making commuting very difficult."
669,complaint,"Public transportation is overcrowded, making travel uncomfortable."
670,complaint,"There is no proper drainage system, leading to frequent waterlogging."
671,complaint,"Traffic signals in our area are not functioning properly, causing accidents."
672,complaint,Public parks are not maintained well and are often dirty.
673,complaint,"The garbage collection in our area is irregular, causing hygiene issues."
674,complaint,"Roads in my locality are full of potholes, making commuting very difficult."
675,complaint,Public parks are not maintained well and are often dirty.
676,complaint,Public parks are not maintained well and are often dirty.
677,complaint,"Traffic signals in our area are not functioning properly, causing accidents."
678,complaint,Public parks are not maintained well and are often dirty.
679,complaint,"Traffic signals in our area are not functioning properly, causing accidents."
680,complaint,"Streetlights are not maintained, making roads unsafe at night."
681,complaint,"Traffic signals in our area are not functioning properly, causing accidents."
682,complaint,"Electricity outages happen frequently, and no proper response from authorities."
683,complaint,"The garbage collection in our area is irregular, causing hygiene issues."
684,complaint,"Traffic signals in our area are not functioning properly, causing accidents."
685,complaint,"Public transportation is overcrowded, making travel uncomfortable."
686,complaint,"The garbage collection in our area is irregular, causing hygiene issues."
687,complaint,"Streetlights are not maintained, making roads unsafe at night."
688,complaint,"There is no proper drainage system, leading to frequent waterlogging."
689,complaint,"Government hospitals lack sufficient staff, leading to long waiting times."
690,complaint,"Government hospitals lack sufficient staff, leading to long waiting times."
691,complaint,"Streetlights are not maintained, making roads unsafe at night."
692,complaint,"Streetlights are not maintained, making roads unsafe at night."
693,complaint,"There is no proper drainage system, leading to frequent waterlogging."
694,complaint,"Streetlights are not maintained, making roads unsafe at night."
695,complaint,"Government hospitals lack sufficient staff, leading to long waiting times."
696,complaint,"Public transportation is overcrowded, making travel uncomfortable."
697,complaint,Public parks are not maintained well and are often dirty.
698,complaint,"Streetlights are not maintained, making roads unsafe at night."
699,complaint,"Streetlights are not maintained, making roads unsafe at night."
700,complaint,Public parks are not maintained well and are often dirty.
701,complaint,"Traffic signals in our area are not functioning properly, causing accidents."
702,complaint,"Electricity outages happen frequently, and no proper response from authorities."
703,complaint,"There is no proper drainage system, leading to frequent waterlogging."
704,complaint,"Traffic signals in our area are not functioning properly, causing accidents."
705,complaint,Public parks are not maintained well and are often dirty.
706,complaint,"Streetlights are not maintained, making roads unsafe at night."
707,complaint,"There is no proper drainage system, leading to frequent waterlogging."
708,complaint,"Roads in my locality are full of potholes, making commuting very difficult."
709,complaint,"The water supply is inconsistent, and sometimes we get dirty water."
710,complaint,"Streetlights are not maintained, making roads unsafe at night."
711,complaint,Public parks are not maintained well and are often dirty.
712,complaint,"The garbage collection in our area is irregular, causing hygiene issues."
713,complaint,"The water supply is inconsistent, and sometimes we get dirty water."
714,complaint,"The garbage collection in our area is irregular, causing hygiene issues."
715,complaint,"Electricity outages happen frequently, and no proper response from authorities."
716,complaint,"Public transportation is overcrowded, making travel uncomfortable."
717,complaint,"Electricity outages happen frequently, and no proper response from authorities."
718,complaint,"Electricity outages happen frequently, and no proper response from authorities."
719,complaint,"The garbage collection in our area is irregular, causing hygiene issues."
720,complaint,"There is no proper drainage system, leading to frequent waterlogging."
721,complaint,"Traffic signals in our area are not functioning properly, causing accidents."
722,complaint,"Electricity outages happen frequently, and no proper response from authorities."
723,complaint,"There is no proper drainage system, leading to frequent waterlogging."
724,complaint,"The water supply is inconsistent, and sometimes we get dirty water."
725,complaint,"The garbage collection in our area is irregular, causing hygiene issues."
726,complaint,"Public transportation is overcrowded, making travel uncomfortable."
727,complaint,"Roads in my locality are full of potholes, making commuting very difficult."
728,complaint,"The garbage collection in our area is irregular, causing hygiene issues."
729,complaint,"Streetlights are not maintained, making roads unsafe at night."
730,complaint,"Government hospitals lack sufficient staff, leading to long waiting times."
731,complaint,"There is no proper drainage system, leading to frequent waterlogging."
732,complaint,"Electricity outages happen frequently, and no proper response from authorities."
733,complaint,"The garbage collection in our area is irregular, causing hygiene issues."
734,complaint,"There is no proper drainage system, leading to frequent waterlogging."
735,complaint,"Public transportation is overcrowded, making travel uncomfortable."
736,complaint,"Streetlights are not maintained, making roads unsafe at night."
737,complaint,"Roads in my locality are full of potholes, making commuting very difficult."
738,complaint,"The garbage collection in our area is irregular, causing hygiene issues."
739,complaint,"There is no proper drainage system, leading to frequent waterlogging."
740,complaint,"Streetlights are not maintained, making roads unsafe at night."
741,complaint,Public parks are not maintained well and are often dirty.
742,complaint,"Government hospitals lack sufficient staff, leading to long waiting times."
743,complaint,"The water supply is inconsistent, and sometimes we get dirty water."
744,complaint,"The garbage collection in our area is irregular, causing hygiene issues."
745,complaint,Public parks are not maintained well and are often dirty.
746,complaint,"Streetlights are not maintained, making roads unsafe at night."
747,complaint,"Streetlights are not maintained, making roads unsafe at night."
748,complaint,"The water supply is inconsistent, and sometimes we get dirty water."
749,complaint,"Public transportation is overcrowded, making travel uncomfortable."
750,complaint,"Government hospitals lack sufficient staff, leading to long waiting times."
751,complaint,"Traffic signals in our area are not functioning properly, causing accidents."
752,complaint,"Streetlights are not maintained, making roads unsafe at night."
753,complaint,"Electricity outages happen frequently, and no proper response from authorities."
754,complaint,"The garbage collection in our area is irregular, causing hygiene issues."
755,complaint,"Government hospitals lack sufficient staff, leading to long waiting times."
756,complaint,"Roads in my locality are full of potholes, making commuting very difficult."
757,complaint,"The garbage collection in our area is irregular, causing hygiene issues."
758,complaint,"The garbage collection in our area is irregular, causing hygiene issues."
759,complaint,"There is no proper drainage system, leading to frequent waterlogging."
760,complaint,"Electricity outages happen frequently, and no proper response from authorities."
761,complaint,"The garbage collection in our area is irregular, causing hygiene issues."
762,complaint,"Traffic signals in our area are not functioning properly, causing accidents."
763,complaint,"Electricity outages happen frequently, and no proper response from authorities."
764,complaint,"Roads in my locality are full of potholes, making commuting very difficult."
765,complaint,"Roads in my locality are full of potholes, making commuting very difficult."
766,complaint,"Roads in my locality are full of potholes, making commuting very difficult."
767,complaint,"Government hospitals lack sufficient staff, leading to long waiting times."
768,complaint,"Streetlights are not maintained, making roads unsafe at night."
769,complaint,"Streetlights are not maintained, making roads unsafe at night."
770,complaint,"The garbage collection in our area is irregular, causing hygiene issues."
771,complaint,"Electricity outages happen frequently, and no proper response from authorities."
772,complaint,"Government hospitals lack sufficient staff, leading to long waiting times."
773,complaint,"Roads in my locality are full of potholes, making commuting very difficult."
774,complaint,"Roads in my locality are full of potholes, making commuting very difficult."
775,complaint,"Traffic signals in our area are not functioning properly, causing accidents."
776,complaint,"There is no proper drainage system, leading to frequent waterlogging."
777,complaint,Public parks are not maintained well and are often dirty.
778,complaint,"Streetlights are not maintained, making roads unsafe at night."
779,complaint,"Streetlights are not maintained, making roads unsafe at night."
780,complaint,"Streetlights are not maintained, making roads unsafe at night."
781,complaint,Public parks are not maintained well and are often dirty.
782,complaint,"Roads in my locality are full of potholes, making commuting very difficult."
783,complaint,"Traffic signals in our area are not functioning properly, causing accidents."
784,complaint,"Roads in my locality are full of potholes, making commuting very difficult."
785,complaint,Public parks are not maintained well and are often dirty.
786,complaint,"Government hospitals lack sufficient staff, leading to long waiting times."
787,complaint,Public parks are not maintained well and are often dirty.
788,complaint,"Electricity outages happen frequently, and no proper response from authorities."
789,complaint,Public parks are not maintained well and are often dirty.
790,complaint,"Public transportation is overcrowded, making travel uncomfortable."
791,complaint,Public parks are not maintained well and are often dirty.
792,complaint,Public parks are not maintained well and are often dirty.
793,complaint,"Public transportation is overcrowded, making travel uncomfortable."
794,complaint,"The water supply is inconsistent, and sometimes we get dirty water."
795,complaint,"Streetlights are not maintained, making roads unsafe at night."
796,complaint,"Streetlights are not maintained, making roads unsafe at night."
797,complaint,"Government hospitals lack sufficient staff, leading to long waiting times."
798,complaint,"The water supply is inconsistent, and sometimes we get dirty water."
799,complaint,"Traffic signals in our area are not functioning properly, causing accidents."
800,complaint,"Government hospitals lack sufficient staff, leading to long waiting times."
801,complaint,"Government hospitals lack sufficient staff, leading to long waiting times."
802,complaint,"Electricity outages happen frequently, and no proper response from authorities."
803,complaint,"The water supply is inconsistent, and sometimes we get dirty water."
804,complaint,"Public transportation is overcrowded, making travel uncomfortable."
805,complaint,"Electricity outages happen frequently, and no proper response from authorities."
806,complaint,"Traffic signals in our area are not functioning properly, causing accidents."
807,complaint,"There is no proper drainage system, leading to frequent waterlogging."
808,complaint,"Streetlights are not maintained, making roads unsafe at night."
809,complaint,"The garbage collection in our area is irregular, causing hygiene issues."
810,complaint,"Electricity outages happen frequently, and no proper response from authorities."
811,complaint,Public parks are not maintained well and are often dirty.
812,complaint,"Roads in my locality are full of potholes, making commuting very difficult."
813,complaint,"Electricity outages happen frequently, and no proper response from authorities."
814,complaint,"The water supply is inconsistent, and sometimes we get dirty water."
815,complaint,"Roads in my locality are full of potholes, making commuting very difficult."
816,complaint,"The garbage collection in our area is irregular, causing hygiene issues."
817,complaint,"There is no proper drainage system, leading to frequent waterlogging."
818,complaint,"Streetlights are not maintained, making roads unsafe at night."
819,complaint,Public parks are not maintained well and are often dirty.
820,complaint,"The garbage collection in our area is irregular, causing hygiene issues."
821,complaint,"The water supply is inconsistent, and sometimes we get dirty water."
822,complaint,"Roads in my locality are full of potholes, making commuting very difficult."
823,complaint,"Traffic signals in our area are not functioning properly, causing accidents."
824,complaint,"The garbage collection in our area is irregular, causing hygiene issues."
825,complaint,"The water supply is inconsistent, and sometimes we get dirty water."
826,complaint,"Electricity outages happen frequently, and no proper response from authorities."
827,complaint,"The water supply is inconsistent, and sometimes we get dirty water."
828,complaint,"Electricity outages happen frequently, and no proper response from authorities."
829,complaint,"Streetlights are not maintained, making roads unsafe at night."
830,complaint,"Traffic signals in our area are not functioning properly, causing accidents."
831,complaint,"There is no proper drainage system, leading to frequent waterlogging."
832,complaint,"Traffic signals in our area are not functioning properly, causing accidents."
833,complaint,"Streetlights are not maintained, making roads unsafe at night."
834,complaint,"There is no proper drainage system, leading to frequent waterlogging."
835,complaint,"Roads in my locality are full of potholes, making commuting very difficult."
836,complaint,"Streetlights are not maintained, making roads unsafe at night."
837,complaint,"There is no proper drainage system, leading to frequent waterlogging."
838,complaint,"Public transportation is overcrowded, making travel uncomfortable."
839,complaint,"Roads in my locality are full of potholes, making commuting very difficult."
840,complaint,"Roads in my locality are full of potholes, making commuting very difficult."
841,complaint,"Roads in my locality are full of potholes, making commuting very difficult."
842,complaint,"Streetlights are not maintained, making roads unsafe at night."
843,complaint,"Government hospitals lack sufficient staff, leading to long waiting times."
844,complaint,Public parks are not maintained well and are often dirty.
845,complaint,"Streetlights are not maintained, making roads unsafe at night."
846,complaint,"Traffic signals in our area are not functioning properly, causing accidents."
847,complaint,"Public transportation is overcrowded, making travel uncomfortable."
848,complaint,"Electricity outages happen frequently, and no proper response from authorities."
849,complaint,"Traffic signals in our area are not functioning properly, causing accidents."
850,complaint,"The water supply is inconsistent, and sometimes we get dirty water."
851,complaint,"Streetlights are not maintained, making roads unsafe at night."
852,complaint,Public parks are not maintained well and are often dirty.
853,complaint,"Government hospitals lack sufficient staff, leading to long waiting times."
854,complaint,Public parks are not maintained well and are often dirty.
855,complaint,"The water supply is inconsistent, and sometimes we get dirty water."
856,complaint,"Government hospitals lack sufficient staff, leading to long waiting times."
857,complaint,Public parks are not maintained well and are often dirty.
858,complaint,Public parks are not maintained well and are often dirty.
859,complaint,"The garbage collection in our area is irregular, causing hygiene issues."
860,complaint,"Streetlights are not maintained, making roads unsafe at night."
861,complaint,"Traffic signals in our area are not functioning properly, causing accidents."
862,complaint,"Traffic signals in our area are not functioning properly, causing accidents."
863,complaint,"Roads in my locality are full of potholes, making commuting very difficult."
864,complaint,"Public transportation is overcrowded, making travel uncomfortable."
865,complaint,Public parks are not maintained well and are often dirty.
866,complaint,"Public transportation is overcrowded, making travel uncomfortable."
867,complaint,"The water supply is inconsistent, and sometimes we get dirty water."
868,complaint,"There is no proper drainage system, leading to frequent waterlogging."
869,complaint,"Public transportation is overcrowded, making travel uncomfortable."
870,complaint,"There is no proper drainage system, leading to frequent waterlogging."
871,complaint,"Streetlights are not maintained, making roads unsafe at night."
872,complaint,"The water supply is inconsistent, and sometimes we get dirty water."
873,complaint,"The water supply is inconsistent, and sometimes we get dirty water."
874,complaint,"The garbage collection in our area is irregular, causing hygiene issues."
875,complaint,"Streetlights are not maintained, making roads unsafe at night."
876,complaint,"Government hospitals lack sufficient staff, leading to long waiting times."
877,complaint,"Government hospitals lack sufficient staff, leading to long waiting times."
878,complaint,"Government hospitals lack sufficient staff, leading to long waiting times."
879,complaint,"Electricity outages happen frequently, and no proper response from authorities."
880,complaint,"Traffic signals in our area are not functioning properly, causing accidents."
881,complaint,"The garbage collection in our area is irregular, causing hygiene issues."
882,complaint,"There is no proper drainage system, leading to frequent waterlogging."
883,complaint,"Traffic signals in our area are not functioning properly, causing accidents."
884,complaint,"Streetlights are not maintained, making roads unsafe at night."
885,complaint,"Government hospitals lack sufficient staff, leading to long waiting times."
886,complaint,Public parks are not maintained well and are often dirty.
887,complaint,"Roads in my locality are full of potholes, making commuting very difficult."
888,complaint,"The garbage collection in our area is irregular, causing hygiene issues."
889,complaint,Public parks are not maintained well and are often dirty.
890,complaint,Public parks are not maintained well and are often dirty.
891,complaint,"Electricity outages happen frequently, and no proper response from authorities."
892,complaint,"The water supply is inconsistent, and sometimes we get dirty water."
893,complaint,Public parks are not maintained well and are often dirty.
894,complaint,"Electricity outages happen frequently, and no proper response from authorities."
895,complaint,"Government hospitals lack sufficient staff, leading to long waiting times."
896,complaint,"Traffic signals in our area are not functioning properly, causing accidents."
897,complaint,"Electricity outages happen frequently, and no proper response from authorities."
898,complaint,"Streetlights are not maintained, making roads unsafe at night."
899,complaint,"The water supply is inconsistent, and sometimes we get dirty water."
900,complaint,"Public transportation is overcrowded, making travel uncomfortable."
901,complaint,"Electricity outages happen frequently, and no proper response from authorities."
902,complaint,"Traffic signals in our area are not functioning properly, causing accidents."
903,complaint,"Public transportation is overcrowded, making travel uncomfortable."
904,complaint,Public parks are not maintained well and are often dirty.
905,complaint,"Roads in my locality are full of potholes, making commuting very difficult."
906,complaint,"Streetlights are not maintained, making roads unsafe at night."
907,complaint,"Traffic signals in our area are not functioning properly, causing accidents."
908,complaint,"The water supply is inconsistent, and sometimes we get dirty water."
909,complaint,"Public transportation is overcrowded, making travel uncomfortable."
910,complaint,"There is no proper drainage system, leading to frequent waterlogging."
911,complaint,"The garbage collection in our area is irregular, causing hygiene issues."
912,complaint,"Streetlights are not maintained, making roads unsafe at night."
913,complaint,"Government hospitals lack sufficient staff, leading to long waiting times."
914,complaint,"The water supply is inconsistent, and sometimes we get dirty water."
915,complaint,"Public transportation is overcrowded, making travel uncomfortable."
916,complaint,"Public transportation is overcrowded, making travel uncomfortable."
917,complaint,"Public transportation is overcrowded, making travel uncomfortable."
918,complaint,"Streetlights are not maintained, making roads unsafe at night."
919,complaint,"Government hospitals lack sufficient staff, leading to long waiting times."
920,complaint,"Electricity outages happen frequently, and no proper response from authorities."
921,complaint,"Streetlights are not maintained, making roads unsafe at night."
922,complaint,"There is no proper drainage system, leading to frequent waterlogging."
923,complaint,"Traffic signals in our area are not functioning properly, causing accidents."
924,complaint,"Public transportation is overcrowded, making travel uncomfortable."
925,complaint,"Electricity outages happen frequently, and no proper response from authorities."
926,complaint,Public parks are not maintained well and are often dirty.
927,complaint,"Traffic signals in our area are not functioning properly, causing accidents."
928,complaint,"Streetlights are not maintained, making roads unsafe at night."
929,complaint,"Electricity outages happen frequently, and no proper response from authorities."
930,complaint,Public parks are not maintained well and are often dirty.
931,complaint,"Streetlights are not maintained, making roads unsafe at night."
932,complaint,"Streetlights are not maintained, making roads unsafe at night."
933,complaint,"Traffic signals in our area are not functioning properly, causing accidents."
934,complaint,"Streetlights are not maintained, making roads unsafe at night."
935,complaint,"Government hospitals lack sufficient staff, leading to long waiting times."
936,complaint,"Traffic signals in our area are not functioning properly, causing accidents."
937,complaint,"There is no proper drainage system, leading to frequent waterlogging."
938,complaint,"Electricity outages happen frequently, and no proper response from authorities."
939,complaint,"Streetlights are not maintained, making roads unsafe at night."
940,complaint,"The water supply is inconsistent, and sometimes we get dirty water."
941,complaint,Public parks are not maintained well and are often dirty.
942,complaint,"The garbage collection in our area is irregular, causing hygiene issues."
943,complaint,"Roads in my locality are full of potholes, making commuting very difficult."
944,complaint,"Government hospitals lack sufficient staff, leading to long waiting times."
945,complaint,"Roads in my locality are full of potholes, making commuting very difficult."
946,complaint,"There is no proper drainage system, leading to frequent waterlogging."
947,complaint,"Government hospitals lack sufficient staff, leading to long waiting times."
948,complaint,"The water supply is inconsistent, and sometimes we get dirty water."
949,complaint,"Streetlights are not maintained, making roads unsafe at night."
950,complaint,"Traffic signals in our area are not functioning properly, causing accidents."
951,complaint,"Government hospitals lack sufficient staff, leading to long waiting times."
952,complaint,"The garbage collection in our area is irregular, causing hygiene issues."
953,complaint,"There is no proper drainage system, leading to frequent waterlogging."
954,complaint,"Streetlights are not maintained, making roads unsafe at night."
955,complaint,"The water supply is inconsistent, and sometimes we get dirty water."
956,complaint,"Roads in my locality are full of potholes, making commuting very difficult."
957,complaint,"The water supply is inconsistent, and sometimes we get dirty water."
958,complaint,"Electricity outages happen frequently, and no proper response from authorities."
959,complaint,"Streetlights are not maintained, making roads unsafe at night."
960,complaint,"Electricity outages happen frequently, and no proper response from authorities."
961,complaint,"Roads in my locality are full of potholes, making commuting very difficult."
962,complaint,"The garbage collection in our area is irregular, causing hygiene issues."
963,complaint,"Electricity outages happen frequently, and no proper response from authorities."
964,complaint,"Roads in my locality are full of potholes, making commuting very difficult."
965,complaint,"The water supply is inconsistent, and sometimes we get dirty water."
966,complaint,"Public transportation is overcrowded, making travel uncomfortable."
967,complaint,"Public transportation is overcrowded, making travel uncomfortable."
968,complaint,"Traffic signals in our area are not functioning properly, causing accidents."
969,complaint,"Streetlights are not maintained, making roads unsafe at night."
970,complaint,Public parks are not maintained well and are often dirty.
971,complaint,"Traffic signals in our area are not functioning properly, causing accidents."
972,complaint,"Streetlights are not maintained, making roads unsafe at night."
973,complaint,"Public transportation is overcrowded, making travel uncomfortable."
974,complaint,"Streetlights are not maintained, making roads unsafe at night."
975,complaint,"The water supply is inconsistent, and sometimes we get dirty water."
976,complaint,"The garbage collection in our area is irregular, causing hygiene issues."
977,complaint,"Roads in my locality are full of potholes, making commuting very difficult."
978,complaint,"Roads in my locality are full of potholes, making commuting very difficult."
979,complaint,"Public transportation is overcrowded, making travel uncomfortable."
980,complaint,"The garbage collection in our area is irregular, causing hygiene issues."
981,complaint,"Streetlights are not maintained, making roads unsafe at night."
982,complaint,"Electricity outages happen frequently, and no proper response from authorities."
983,complaint,"Public transportation is overcrowded, making travel uncomfortable."
984,complaint,"Traffic signals in our area are not functioning properly, causing accidents."
985,complaint,Public parks are not maintained well and are often dirty.
986,complaint,Public parks are not maintained well and are often dirty.
987,complaint,"The garbage collection in our area is irregular, causing hygiene issues."
988,complaint,"The water supply is inconsistent, and sometimes we get dirty water."
989,complaint,"Public transportation is overcrowded, making travel uncomfortable."
990,complaint,"Public transportation is overcrowded, making travel uncomfortable."
991,complaint,"Public transportation is overcrowded, making travel uncomfortable."
992,complaint,"Electricity outages happen frequently, and no proper response from authorities."
993,complaint,"Traffic signals in our area are not functioning properly, causing accidents."
994,complaint,"Roads in my locality are full of potholes, making commuting very difficult."
995,complaint,"Government hospitals lack sufficient staff, leading to long waiting times."
996,complaint,Public parks are not maintained well and are often dirty.
997,complaint,"Government hospitals lack sufficient staff, leading to long waiting times."
998,complaint,"Traffic signals in our area are not functioning properly, causing accidents."
999,complaint,"Traffic signals in our area are not functioning properly, causing accidents."
1000,complaint,"Roads in my locality are full of potholes, making commuting very difficult."
1001,complaint,"Government hospitals lack sufficient staff, leading to long waiting times."
1002,complaint,"There is no proper drainage system, leading to frequent waterlogging."
1003,complaint,"The water supply is inconsistent, and sometimes we get dirty water."
1004,complaint,"Roads in my locality are full of potholes, making commuting very difficult."
1005,complaint,"Roads in my locality are full of potholes, making commuting very difficult."
1006,complaint,"The water supply is inconsistent, and sometimes we get dirty water."
1007,complaint,"Roads in my locality are full of potholes, making commuting very difficult."
1008,complaint,"Electricity outages happen frequently, and no proper response from authorities."
1009,complaint,"Traffic signals in our area are not functioning properly, causing accidents."
1010,complaint,"The water supply is inconsistent, and sometimes we get dirty water."
1011,complaint,"Electricity outages happen frequently, and no proper response from authorities."
1012,complaint,"Traffic signals in our area are not functioning properly, causing accidents."
1013,complaint,"Electricity outages happen frequently, and no proper response from authorities."
1014,complaint,Public parks are not maintained well and are often dirty.
1015,complaint,"The water supply is inconsistent, and sometimes we get dirty water."
1016,complaint,"Electricity outages happen frequently, and no proper response from authorities."
1017,complaint,"Roads in my locality are full of potholes, making commuting very difficult."
1018,complaint,"Traffic signals in our area are not functioning properly, causing accidents."
1019,complaint,"There is no proper drainage system, leading to frequent waterlogging."
1020,complaint,"The water supply is inconsistent, and sometimes we get dirty water."
1021,complaint,"The water supply is inconsistent, and sometimes we get dirty water."
1022,complaint,"Electricity outages happen frequently, and no proper response from authorities."
1023,complaint,"Traffic signals in our area are not functioning properly, causing accidents."
1024,complaint,"Roads in my locality are full of potholes, making commuting very difficult."
1025,complaint,"Streetlights are not maintained, making roads unsafe at night."
1026,complaint,"Public transportation is overcrowded, making travel uncomfortable."
1027,complaint,"Electricity outages happen frequently, and no proper response from authorities."
1028,complaint,"Public transportation is overcrowded, making travel uncomfortable."
1029,complaint,"Roads in my locality are full of potholes, making commuting very difficult."
1030,complaint,"Government hospitals lack sufficient staff, leading to long waiting times."
1031,complaint,"Government hospitals lack sufficient staff, leading to long waiting times."
1032,complaint,"Government hospitals lack sufficient staff, leading to long waiting times."
1033,complaint,"Electricity outages happen frequently, and no proper response from authorities."
1034,complaint,"The garbage collection in our area is irregular, causing hygiene issues."
1035,complaint,Public parks are not maintained well and are often dirty.
1036,complaint,"Electricity outages happen frequently, and no proper response from authorities."
1037,complaint,"Government hospitals lack sufficient staff, leading to long waiting times."
1038,complaint,"Traffic signals in our area are not functioning properly, causing accidents."
1039,complaint,"Public transportation is overcrowded, making travel uncomfortable."
1040,complaint,"There is no proper drainage system, leading to frequent waterlogging."
1041,complaint,Public parks are not maintained well and are often dirty.
1042,complaint,"Government hospitals lack sufficient staff, leading to long waiting times."
1043,complaint,"Public transportation is overcrowded, making travel uncomfortable."
1044,complaint,"Government hospitals lack sufficient staff, leading to long waiting times."
1045,complaint,"The water supply is inconsistent, and sometimes we get dirty water."
1046,complaint,"The garbage collection in our area is irregular, causing hygiene issues."
1047,complaint,"Public transportation is overcrowded, making travel uncomfortable."
1048,complaint,"Traffic signals in our area are not functioning properly, causing accidents."
1049,complaint,"Streetlights are not maintained, making roads unsafe at night."
1050,complaint,"Government hospitals lack sufficient staff, leading to long waiting times."
1051,complaint,"The water supply is inconsistent, and sometimes we get dirty water."
1052,complaint,"The garbage collection in our area is irregular, causing hygiene issues."
1053,complaint,"Public transportation is overcrowded, making travel uncomfortable."
1054,complaint,"Roads in my locality are full of potholes, making commuting very difficult."
1055,complaint,"Streetlights are not maintained, making roads unsafe at night."
1056,complaint,"Streetlights are not maintained, making roads unsafe at night."
1057,complaint,"Government hospitals lack sufficient staff, leading to long waiting times."
1058,complaint,"Streetlights are not maintained, making roads unsafe at night."
1059,complaint,"There is no proper drainage system, leading to frequent waterlogging."
1060,complaint,"Public transportation is overcrowded, making travel uncomfortable."
1061,complaint,"Roads in my locality are full of potholes, making commuting very difficult."
1062,complaint,"There is no proper drainage system, leading to frequent waterlogging."
1063,complaint,"There is no proper drainage system, leading to frequent waterlogging."
1064,complaint,"Streetlights are not maintained, making roads unsafe at night."
1065,complaint,"Roads in my locality are full of potholes, making commuting very difficult."
1066,complaint,"The garbage collection in our area is irregular, causing hygiene issues."
1067,complaint,"The garbage collection in our area is irregular, causing hygiene issues."
1068,complaint,"The water supply is inconsistent, and sometimes we get dirty water."
1069,complaint,"The garbage collection in our area is irregular, causing hygiene issues."
1070,complaint,"Streetlights are not maintained, making roads unsafe at night."
1071,complaint,"The garbage collection in our area is irregular, causing hygiene issues."
1072,complaint,"Traffic signals in our area are not functioning properly, causing accidents."
1073,complaint,"Traffic signals in our area are not functioning properly, causing accidents."
1074,complaint,"Traffic signals in our area are not functioning properly, causing accidents."
1075,complaint,"Electricity outages happen frequently, and no proper response from authorities."
1076,complaint,"The garbage collection in our area is irregular, causing hygiene issues."
1077,complaint,"Government hospitals lack sufficient staff, leading to long waiting times."
1078,complaint,Public parks are not maintained well and are often dirty.
1079,complaint,"Roads in my locality are full of potholes, making commuting very difficult."
1080,complaint,"The water supply is inconsistent, and sometimes we get dirty water."
1081,complaint,"Roads in my locality are full of potholes, making commuting very difficult."
1082,complaint,"There is no proper drainage system, leading to frequent waterlogging."
1083,complaint,"There is no proper drainage system, leading to frequent waterlogging."
1084,complaint,Public parks are not maintained well and are often dirty.
1085,complaint,Public parks are not maintained well and are often dirty.
1086,complaint,"Roads in my locality are full of potholes, making commuting very difficult."
1087,complaint,Public parks are not maintained well and are often dirty.
1088,complaint,"Government hospitals lack sufficient staff, leading to long waiting times."
1089,complaint,"Public transportation is overcrowded, making travel uncomfortable."
1090,complaint,"Roads in my locality are full of potholes, making commuting very difficult."
1091,complaint,"Public transportation is overcrowded, making travel uncomfortable."
1092,complaint,"Traffic signals in our area are not functioning properly, causing accidents."
1093,complaint,"The garbage collection in our area is irregular, causing hygiene issues."
1094,complaint,"Traffic signals in our area are not functioning properly, causing accidents."
1095,complaint,"Government hospitals lack sufficient staff, leading to long waiting times."
1096,complaint,"The garbage collection in our area is irregular, causing hygiene issues."
1097,complaint,"The garbage collection in our area is irregular, causing hygiene issues."
1098,complaint,"There is no proper drainage system, leading to frequent waterlogging."
1099,complaint,Public parks are not maintained well and are often dirty.
1100,complaint,"Electricity outages happen frequently, and no proper response from authorities."
1101,complaint,"Government hospitals lack sufficient staff, leading to long waiting times."
1102,complaint,Public parks are not maintained well and are often dirty.
1103,complaint,"Electricity outages happen frequently, and no proper response from authorities."
1104,complaint,Public parks are not maintained well and are often dirty.
1105,complaint,"Government hospitals lack sufficient staff, leading to long waiting times."
1106,complaint,"There is no proper drainage system, leading to frequent waterlogging."
1107,complaint,Public parks are not maintained well and are often dirty.
1108,complaint,"Electricity outages happen frequently, and no proper response from authorities."
1109,complaint,"The garbage collection in our area is irregular, causing hygiene issues."
1110,complaint,"Government hospitals lack sufficient staff, leading to long waiting times."
1111,complaint,"Traffic signals in our area are not functioning properly, causing accidents."
1112,complaint,"Electricity outages happen frequently, and no proper response from authorities."
1113,complaint,"Public transportation is overcrowded, making travel uncomfortable."
1114,complaint,"There is no proper drainage system, leading to frequent waterlogging."
1115,complaint,"Traffic signals in our area are not functioning properly, causing accidents."
1116,complaint,"Streetlights are not maintained, making roads unsafe at night."
1117,complaint,"Streetlights are not maintained, making roads unsafe at night."
1118,complaint,"The water supply is inconsistent, and sometimes we get dirty water."
1119,complaint,"Traffic signals in our area are not functioning properly, causing accidents."
1120,complaint,"Traffic signals in our area are not functioning properly, causing accidents."
1121,complaint,"Roads in my locality are full of potholes, making commuting very difficult."
1122,complaint,"Streetlights are not maintained, making roads unsafe at night."
1123,complaint,Public parks are not maintained well and are often dirty.
1124,complaint,Public parks are not maintained well and are often dirty.
1125,complaint,Public parks are not maintained well and are often dirty.
1126,complaint,"The garbage collection in our area is irregular, causing hygiene issues."
1127,complaint,"Roads in my locality are full of potholes, making commuting very difficult."
1128,complaint,"Public transportation is overcrowded, making travel uncomfortable."
1129,complaint,"There is no proper drainage system, leading to frequent waterlogging."
1130,complaint,"The water supply is inconsistent, and sometimes we get dirty water."
1131,complaint,"There is no proper drainage system, leading to frequent waterlogging."
1132,complaint,"The water supply is inconsistent, and sometimes we get dirty water."
1133,complaint,"The water supply is inconsistent, and sometimes we get dirty water."
1134,complaint,"Roads in my locality are full of potholes, making commuting very difficult."
1135,complaint,"The garbage collection in our area is irregular, causing hygiene issues."
1136,complaint,"Streetlights are not maintained, making roads unsafe at night."
1137,complaint,"Roads in my locality are full of potholes, making commuting very difficult."
1138,complaint,"Government hospitals lack sufficient staff, leading to long waiting times."
1139,complaint,"Public transportation is overcrowded, making travel uncomfortable."
1140,complaint,"Traffic signals in our area are not functioning properly, causing accidents."
1141,complaint,"Streetlights are not maintained, making roads unsafe at night."
1142,complaint,"The garbage collection in our area is irregular, causing hygiene issues."
1143,complaint,"Electricity outages happen frequently, and no proper response from authorities."
1144,complaint,"Public transportation is overcrowded, making travel uncomfortable."
1145,complaint,"Roads in my locality are full of potholes, making commuting very difficult."
1146,complaint,"The water supply is inconsistent, and sometimes we get dirty water."
1147,complaint,"The water supply is inconsistent, and sometimes we get dirty water."
1148,complaint,"Traffic signals in our area are not functioning properly, causing accidents."
1149,complaint,"Electricity outages happen frequently, and no proper response from authorities."
1150,complaint,"There is no proper drainage system, leading to frequent waterlogging."
1151,complaint,"Roads in my locality are full of potholes, making commuting very difficult."
1152,complaint,"Public transportation is overcrowded, making travel uncomfortable."
1153,complaint,"The garbage collection in our area is irregular, causing hygiene issues."
1154,complaint,"There is no proper drainage system, leading to frequent waterlogging."
1155,complaint,Public parks are not maintained well and are often dirty.
1156,complaint,Public parks are not maintained well and are often dirty.
1157,complaint,Public parks are not maintained well and are often dirty.
1158,complaint,Public parks are not maintained well and are often dirty.
1159,complaint,"The garbage collection in our area is irregular, causing hygiene issues."
1160,complaint,"Streetlights are not maintained, making roads unsafe at night."
1161,complaint,"Public transportation is overcrowded, making travel uncomfortable."
1162,complaint,"Government hospitals lack sufficient staff, leading to long waiting times."
1163,complaint,Public parks are not maintained well and are often dirty.
1164,complaint,"There is no proper drainage system, leading to frequent waterlogging."
1165,complaint,"Streetlights are not maintained, making roads unsafe at night."
1166,complaint,"Government hospitals lack sufficient staff, leading to long waiting times."
1167,complaint,"The water supply is inconsistent, and sometimes we get dirty water."
1168,complaint,Public parks are not maintained well and are often dirty.
1169,complaint,"Electricity outages happen frequently, and no proper response from authorities."
1170,complaint,"Roads in my locality are full of potholes, making commuting very difficult."
1171,complaint,"Government hospitals lack sufficient staff, leading to long waiting times."
1172,complaint,"Public transportation is overcrowded, making travel uncomfortable."
1173,complaint,"Public transportation is overcrowded, making travel uncomfortable."
1174,complaint,"Traffic signals in our area are not functioning properly, causing accidents."
1175,complaint,Public parks are not maintained well and are often dirty.
1176,complaint,"Roads in my locality are full of potholes, making commuting very difficult."
1177,complaint,"The water supply is inconsistent, and sometimes we get dirty water."
1178,complaint,"The garbage collection in our area is irregular, causing hygiene issues."
1179,complaint,Public parks are not maintained well and are often dirty.
1180,complaint,"Traffic signals in our area are not functioning properly, causing accidents."
1181,complaint,"There is no proper drainage system, leading to frequent waterlogging."
1182,complaint,"Public transportation is overcrowded, making travel uncomfortable."
1183,complaint,Public parks are not maintained well and are often dirty.
1184,complaint,"Roads in my locality are full of potholes, making commuting very difficult."
1185,complaint,"Traffic signals in our area are not functioning properly, causing accidents."
1186,complaint,"There is no proper drainage system, leading to frequent waterlogging."
1187,complaint,"The garbage collection in our area is irregular, causing hygiene issues."
1188,complaint,"Electricity outages happen frequently, and no proper response from authorities."
1189,complaint,"Traffic signals in our area are not functioning properly, causing accidents."
1190,complaint,"Roads in my locality are full of potholes, making commuting very difficult."
1191,complaint,"The garbage collection in our area is irregular, causing hygiene issues."
1192,complaint,"Electricity outages happen frequently, and no proper response from authorities."
1193,complaint,Public parks are not maintained well and are often dirty.
1194,complaint,"The garbage collection in our area is irregular, causing hygiene issues."
1195,complaint,"Public transportation is overcrowded, making travel uncomfortable."
1196,complaint,"There is no proper drainage system, leading to frequent waterlogging."
1197,complaint,"Roads in my locality are full of potholes, making commuting very difficult."
1198,complaint,"Streetlights are not maintained, making roads unsafe at night."
1199,complaint,"The garbage collection in our area is irregular, causing hygiene issues."
1200,complaint,"Roads in my locality are full of potholes, making commuting very difficult."
1201,complaint,"There is no proper drainage system, leading to frequent waterlogging."
1202,complaint,"Electricity outages happen frequently, and no proper response from authorities."
1203,complaint,"Electricity outages happen frequently, and no proper response from authorities."
1204,complaint,"Traffic signals in our area are not functioning properly, causing accidents."
1205,complaint,"Traffic signals in our area are not functioning properly, causing accidents."
1206,complaint,"Roads in my locality are full of potholes, making commuting very difficult."
1207,complaint,"Streetlights are not maintained, making roads unsafe at night."
1208,complaint,"Traffic signals in our area are not functioning properly, causing accidents."
1209,complaint,"Electricity outages happen frequently, and no proper response from authorities."
1210,complaint,Public parks are not maintained well and are often dirty.
1211,complaint,"There is no proper drainage system, leading to frequent waterlogging."
1212,complaint,"The water supply is inconsistent, and sometimes we get dirty water."
1213,complaint,"The garbage collection in our area is irregular, causing hygiene issues."
1214,complaint,"Electricity outages happen frequently, and no proper response from authorities."
1215,complaint,"The water supply is inconsistent, and sometimes we get dirty water."
1216,complaint,"Streetlights are not maintained, making roads unsafe at night."
1217,complaint,"Streetlights are not maintained, making roads unsafe at night."
1218,complaint,"Roads in my locality are full of potholes, making commuting very difficult."
1219,complaint,"Government hospitals lack sufficient staff, leading to long waiting times."
1220,complaint,Public parks are not maintained well and are often dirty.
1221,complaint,"Traffic signals in our area are not functioning properly, causing accidents."
1222,complaint,"Roads in my locality are full of potholes, making commuting very difficult."
1223,complaint,"Roads in my locality are full of potholes, making commuting very difficult."
1224,complaint,"Streetlights are not maintained, making roads unsafe at night."
1225,complaint,"Public transportation is overcrowded, making travel uncomfortable."
1226,complaint,"Government hospitals lack sufficient staff, leading to long waiting times."
1227,complaint,"There is no proper drainage system, leading to frequent waterlogging."
1228,complaint,"Government hospitals lack sufficient staff, leading to long waiting times."
1229,complaint,"Roads in my locality are full of potholes, making commuting very difficult."
1230,complaint,"Streetlights are not maintained, making roads unsafe at night."
1231,complaint,Public parks are not maintained well and are often dirty.
1232,complaint,"Government hospitals lack sufficient staff, leading to long waiting times."
1233,complaint,"There is no proper drainage system, leading to frequent waterlogging."
1234,complaint,"Government hospitals lack sufficient staff, leading to long waiting times."
1235,complaint,"Public transportation is overcrowded, making travel uncomfortable."
1236,complaint,"There is no proper drainage system, leading to frequent waterlogging."
1237,complaint,"Government hospitals lack sufficient staff, leading to long waiting times."
1238,complaint,"The water supply is inconsistent, and sometimes we get dirty water."
1239,complaint,"Government hospitals lack sufficient staff, leading to long waiting times."
1240,complaint,"The garbage collection in our area is irregular, causing hygiene issues."
1241,complaint,"Electricity outages happen frequently, and no proper response from authorities."
1242,complaint,"Traffic signals in our area are not functioning properly, causing accidents."
1243,complaint,"Roads in my locality are full of potholes, making commuting very difficult."
1244,complaint,"Roads in my locality are full of potholes, making commuting very difficult."
1245,complaint,"Electricity outages happen frequently, and no proper response from authorities."
1246,complaint,"Public transportation is overcrowded, making travel uncomfortable."
1247,complaint,"Roads in my locality are full of potholes, making commuting very difficult."
1248,complaint,"Electricity outages happen frequently, and no proper response from authorities."
1249,complaint,"There is no proper drainage system, leading to frequent waterlogging."
1250,complaint,"Roads in my locality are full of potholes, making commuting very difficult."
1251,suggestion,Installing more CCTV cameras in public areas can improve safety.
1252,suggestion,Smart traffic management solutions should be implemented to reduce congestion.
1253,suggestion,Planting more trees along roads can help reduce pollution.
1254,suggestion,Developing mobile apps for municipal services would improve accessibility.
1255,suggestion,Government should introduce an online grievance redressal system for faster response.
1256,suggestion,Government should introduce an online grievance redressal system for faster response.
1257,suggestion,More green spaces and parks should be developed for recreational activities.
1258,suggestion,Planting more trees along roads can help reduce pollution.
1259,suggestion,Planting more trees along roads can help reduce pollution.
1260,suggestion,Creating dedicated cycling lanes would encourage eco-friendly transport.
1261,suggestion,Planting more trees along roads can help reduce pollution.
1262,suggestion,Planting more trees along roads can help reduce pollution.
1263,suggestion,Creating dedicated cycling lanes would encourage eco-friendly transport.
1264,suggestion,Government should introduce an online grievance redressal system for faster response.
1265,suggestion,Smart traffic management solutions should be implemented to reduce congestion.
1266,suggestion,Setting up rainwater harvesting systems can help in water conservation.
1267,suggestion,Smart traffic management solutions should be implemented to reduce congestion.
1268,suggestion,Developing mobile apps for municipal services would improve accessibility.
1269,suggestion,Setting up rainwater harvesting systems can help in water conservation.
1270,suggestion,Planting more trees along roads can help reduce pollution.
1271,suggestion,Smart traffic management solutions should be implemented to reduce congestion.
1272,suggestion,More green spaces and parks should be developed for recreational activities.
1273,suggestion,More green spaces and parks should be developed for recreational activities.
1274,suggestion,More green spaces and parks should be developed for recreational activities.
1275,suggestion,Smart traffic management solutions should be implemented to reduce congestion.
1276,suggestion,More green spaces and parks should be developed for recreational activities.
1277,suggestion,Setting up rainwater harvesting systems can help in water conservation.
1278,suggestion,Developing mobile apps for municipal services would improve accessibility.
1279,suggestion,More green spaces and parks should be developed for recreational activities.
1280,suggestion,Smart traffic management solutions should be implemented to reduce congestion.
1281,suggestion,Government should introduce an online grievance redressal system for faster response.
1282,suggestion,Government should introduce an online grievance redressal system for faster response.
1283,suggestion,Developing mobile apps for municipal services would improve accessibility.
1284,suggestion,Developing mobile apps for municipal services would improve accessibility.
1285,suggestion,Setting up rainwater harvesting systems can help in water conservation.
1286,suggestion,Providing free Wi-Fi in public places would benefit students and professionals.
1287,suggestion,Creating dedicated cycling lanes would encourage eco-friendly transport.
1288,suggestion,More green spaces and parks should be developed for recreational activities.
1289,suggestion,Setting up rainwater harvesting systems can help in water conservation.
1290,suggestion,More green spaces and parks should be developed for recreational activities.
1291,suggestion,Installing more CCTV cameras in public areas can improve safety.
1292,suggestion,Smart traffic management solutions should be implemented to reduce congestion.
1293,suggestion,Developing mobile apps for municipal services would improve accessibility.
1294,suggestion,Smart traffic management solutions should be implemented to reduce congestion.
1295,suggestion,Installing more CCTV cameras in public areas can improve safety.
1296,suggestion,Introducing e-buses would help in reducing pollution levels.
1297,suggestion,Setting up rainwater harvesting systems can help in water conservation.
1298,suggestion,More green spaces and parks should be developed for recreational activities.
1299,suggestion,Providing free Wi-Fi in public places would benefit students and professionals.
1300,suggestion,Planting more trees along roads can help reduce pollution.
1301,suggestion,Planting more trees along roads can help reduce pollution.
1302,suggestion,Introducing e-buses would help in reducing pollution levels.
1303,suggestion,Installing more CCTV cameras in public areas can improve safety.
1304,suggestion,Smart traffic management solutions should be implemented to reduce congestion.
1305,suggestion,Providing free Wi-Fi in public places would benefit students and professionals.
1306,suggestion,Introducing e-buses would help in reducing pollution levels.
1307,suggestion,More green spaces and parks should be developed for recreational activities.
1308,suggestion,Government should introduce an online grievance redressal system for faster response.
1309,suggestion,Planting more trees along roads can help reduce pollution.
1310,suggestion,Providing free Wi-Fi in public places would benefit students and professionals.
1311,suggestion,Smart traffic management solutions should be implemented to reduce congestion.
1312,suggestion,More green spaces and parks should be developed for recreational activities.
1313,suggestion,More green spaces and parks should be developed for recreational activities.
1314,suggestion,Introducing e-buses would help in reducing pollution levels.
1315,suggestion,Creating dedicated cycling lanes would encourage eco-friendly transport.
1316,suggestion,Smart traffic management solutions should be implemented to reduce congestion.
1317,suggestion,Setting up rainwater harvesting systems can help in water conservation.
1318,suggestion,Setting up rainwater harvesting systems can help in water conservation.
1319,suggestion,Setting up rainwater harvesting systems can help in water conservation.
1320,suggestion,Installing more CCTV cameras in public areas can improve safety.
1321,suggestion,Smart traffic management solutions should be implemented to reduce congestion.
1322,suggestion,Creating dedicated cycling lanes would encourage eco-friendly transport.
1323,suggestion,Installing more CCTV cameras in public areas can improve safety.
1324,suggestion,More green spaces and parks should be developed for recreational activities.
1325,suggestion,Setting up rainwater harvesting systems can help in water conservation.
1326,suggestion,Developing mobile apps for municipal services would improve accessibility.
1327,suggestion,Providing free Wi-Fi in public places would benefit students and professionals.
1328,suggestion,Providing free Wi-Fi in public places would benefit students and professionals.
1329,suggestion,Government should introduce an online grievance redressal system for faster response.
1330,suggestion,Installing more CCTV cameras in public areas can improve safety.
1331,suggestion,Creating dedicated cycling lanes would encourage eco-friendly transport.
1332,suggestion,Developing mobile apps for municipal services would improve accessibility.
1333,suggestion,Setting up rainwater harvesting systems can help in water conservation.
1334,suggestion,Setting up rainwater harvesting systems can help in water conservation.
1335,suggestion,Smart traffic management solutions should be implemented to reduce congestion.
1336,suggestion,Planting more trees along roads can help reduce pollution.
1337,suggestion,Developing mobile apps for municipal services would improve accessibility.
1338,suggestion,Developing mobile apps for municipal services would improve accessibility.
1339,suggestion,Introducing e-buses would help in reducing pollution levels.
1340,suggestion,Smart traffic management solutions should be implemented to reduce congestion.
1341,suggestion,More green spaces and parks should be developed for recreational activities.
1342,suggestion,Introducing e-buses would help in reducing pollution levels.
1343,suggestion,Planting more trees along roads can help reduce pollution.
1344,suggestion,Installing more CCTV cameras in public areas can improve safety.
1345,suggestion,Developing mobile apps for municipal services would improve accessibility.
1346,suggestion,Government should introduce an online grievance redressal system for faster response.
1347,suggestion,Government should introduce an online grievance redressal system for faster response.
1348,suggestion,Creating dedicated cycling lanes would encourage eco-friendly transport.
1349,suggestion,Introducing e-buses would help in reducing pollution levels.
1350,suggestion,Government should introduce an online grievance redressal system for faster response.
1351,suggestion,Government should introduce an online grievance redressal system for faster response.
1352,suggestion,Setting up rainwater harvesting systems can help in water conservation.
1353,suggestion,Government should introduce an online grievance redressal system for faster response.
1354,suggestion,Introducing e-buses would help in reducing pollution levels.
1355,suggestion,Planting more trees along roads can help reduce pollution.
1356,suggestion,Developing mobile apps for municipal services would improve accessibility.
1357,suggestion,Providing free Wi-Fi in public places would benefit students and professionals.
1358,suggestion,Installing more CCTV cameras in public areas can improve safety.
1359,suggestion,Setting up rainwater harvesting systems can help in water conservation.
1360,suggestion,Introducing e-buses would help in reducing pollution levels.
1361,suggestion,Introducing e-buses would help in reducing pollution levels.
1362,suggestion,Introducing e-buses would help in reducing pollution levels.
1363,suggestion,Introducing e-buses would help in reducing pollution levels.
1364,suggestion,Creating dedicated cycling lanes would encourage eco-friendly transport.
1365,suggestion,Introducing e-buses would help in reducing pollution levels.
1366,suggestion,Planting more trees along roads can help reduce pollution.
1367,suggestion,Introducing e-buses would help in reducing pollution levels.
1368,suggestion,Planting more trees along roads can help reduce pollution.
1369,suggestion,Introducing e-buses would help in reducing pollution levels.
1370,suggestion,Developing mobile apps for municipal services would improve accessibility.
1371,suggestion,Installing more CCTV cameras in public areas can improve safety.
1372,suggestion,Government should introduce an online grievance redressal system for faster response.
1373,suggestion,Introducing e-buses would help in reducing pollution levels.
1374,suggestion,Setting up rainwater harvesting systems can help in water conservation.
1375,suggestion,Planting more trees along roads can help reduce pollution.
1376,suggestion,Installing more CCTV cameras in public areas can improve safety.
1377,suggestion,Developing mobile apps for municipal services would improve accessibility.
1378,suggestion,Government should introduce an online grievance redressal system for faster response.
1379,suggestion,Introducing e-buses would help in reducing pollution levels.
1380,suggestion,Creating dedicated cycling lanes would encourage eco-friendly transport.
1381,suggestion,More green spaces and parks should be developed for recreational activities.
1382,suggestion,Installing more CCTV cameras in public areas can improve safety.
1383,suggestion,Installing more CCTV cameras in public areas can improve safety.
1384,suggestion,Government should introduce an online grievance redressal system for faster response.
1385,suggestion,Government should introduce an online grievance redressal system for faster response.
1386,suggestion,Planting more trees along roads can help reduce pollution.
1387,suggestion,Setting up rainwater harvesting systems can help in water conservation.
1388,suggestion,Creating dedicated cycling lanes would encourage eco-friendly transport.
1389,suggestion,Installing more CCTV cameras in public areas can improve safety.
1390,suggestion,More green spaces and parks should be developed for recreational activities.
1391,suggestion,Smart traffic management solutions should be implemented to reduce congestion.
1392,suggestion,Installing more CCTV cameras in public areas can improve safety.
1393,suggestion,Smart traffic management solutions should be implemented to reduce congestion.
1394,suggestion,Government should introduce an online grievance redressal system for faster response.
1395,suggestion,More green spaces and parks should be developed for recreational activities.
1396,suggestion,Creating dedicated cycling lanes would encourage eco-friendly transport.
1397,suggestion,More green spaces and parks should be developed for recreational activities.
1398,suggestion,Government should introduce an online grievance redressal system for faster response.
1399,suggestion,Providing free Wi-Fi in public places would benefit students and professionals.
1400,suggestion,Planting more trees along roads can help reduce pollution.
1401,suggestion,Introducing e-buses would help in reducing pollution levels.
1402,suggestion,Smart traffic management solutions should be implemented to reduce congestion.
1403,suggestion,More green spaces and parks should be developed for recreational activities.
1404,suggestion,Creating dedicated cycling lanes would encourage eco-friendly transport.
1405,suggestion,Creating dedicated cycling lanes would encourage eco-friendly transport.
1406,suggestion,Smart traffic management solutions should be implemented to reduce congestion.
1407,suggestion,Planting more trees along roads can help reduce pollution.
1408,suggestion,Providing free Wi-Fi in public places would benefit students and professionals.
1409,suggestion,Creating dedicated cycling lanes would encourage eco-friendly transport.
1410,suggestion,Installing more CCTV cameras in public areas can improve safety.
1411,suggestion,More green spaces and parks should be developed for recreational activities.
1412,suggestion,Developing mobile apps for municipal services would improve accessibility.
1413,suggestion,More green spaces and parks should be developed for recreational activities.
1414,suggestion,Setting up rainwater harvesting systems can help in water conservation.
1415,suggestion,Installing more CCTV cameras in public areas can improve safety.
1416,suggestion,More green spaces and parks should be developed for recreational activities.
1417,suggestion,Smart traffic management solutions should be implemented to reduce congestion.
1418,suggestion,Installing more CCTV cameras in public areas can improve safety.
1419,suggestion,Installing more CCTV cameras in public areas can improve safety.
1420,suggestion,Creating dedicated cycling lanes would encourage eco-friendly transport.
1421,suggestion,Creating dedicated cycling lanes would encourage eco-friendly transport.
1422,suggestion,Developing mobile apps for municipal services would improve accessibility.
1423,suggestion,Smart traffic management solutions should be implemented to reduce congestion.
1424,suggestion,Introducing e-buses would help in reducing pollution levels.
1425,suggestion,More green spaces and parks should be developed for recreational activities.
1426,suggestion,Providing free Wi-Fi in public places would benefit students and professionals.
1427,suggestion,Government should introduce an online grievance redressal system for faster response.
1428,suggestion,Introducing e-buses would help in reducing pollution levels.
1429,suggestion,Setting up rainwater harvesting systems can help in water conservation.
1430,suggestion,Installing more CCTV cameras in public areas can improve safety.
1431,suggestion,Government should introduce an online grievance redressal system for faster response.
1432,suggestion,Introducing e-buses would help in reducing pollution levels.
1433,suggestion,Developing mobile apps for municipal services would improve accessibility.
1434,suggestion,Government should introduce an online grievance redressal system for faster response.
1435,suggestion,Installing more CCTV cameras in public areas can improve safety.
1436,suggestion,Planting more trees along roads can help reduce pollution.
1437,suggestion,Installing more CCTV cameras in public areas can improve safety.
1438,suggestion,Installing more CCTV cameras in public areas can improve safety.
1439,suggestion,Smart traffic management solutions should be implemented to reduce congestion.
1440,suggestion,Installing more CCTV cameras in public areas can improve safety.
1441,suggestion,Introducing e-buses would help in reducing pollution levels.
1442,suggestion,More green spaces and parks should be developed for recreational activities.
1443,suggestion,Smart traffic management solutions should be implemented to reduce congestion.
1444,suggestion,Introducing e-buses would help in reducing pollution levels.
1445,suggestion,Creating dedicated cycling lanes would encourage eco-friendly transport.
1446,suggestion,Government should introduce an online grievance redressal system for faster response.
1447,suggestion,Setting up rainwater harvesting systems can help in water conservation.
1448,suggestion,Installing more CCTV cameras in public areas can improve safety.
1449,suggestion,Setting up rainwater harvesting systems can help in water conservation.
1450,suggestion,Government should introduce an online grievance redressal system for faster response.
1451,suggestion,Providing free Wi-Fi in public places would benefit students and professionals.
1452,suggestion,Creating dedicated cycling lanes would encourage eco-friendly transport.
1453,suggestion,Government should introduce an online grievance redressal system for faster response.
1454,suggestion,Government should introduce an online grievance redressal system for faster response.
1455,suggestion,Developing mobile apps for municipal services would improve accessibility.
1456,suggestion,Providing free Wi-Fi in public places would benefit students and professionals.
1457,suggestion,Government should introduce an online grievance redressal system for faster response.
1458,suggestion,Providing free Wi-Fi in public places would benefit students and professionals.
1459,suggestion,More green spaces and parks should be developed for recreational activities.
1460,suggestion,Installing more CCTV cameras in public areas can improve safety.
1461,suggestion,Government should introduce an online grievance redressal system for faster response.
1462,suggestion,Planting more trees along roads can help reduce pollution.
1463,suggestion,Setting up rainwater harvesting systems can help in water conservation.
1464,suggestion,Planting more trees along roads can help reduce pollution.
1465,suggestion,Introducing e-buses would help in reducing pollution levels.
1466,suggestion,Setting up rainwater harvesting systems can help in water conservation.
1467,suggestion,Introducing e-buses would help in reducing pollution levels.
1468,suggestion,Developing mobile apps for municipal services would improve accessibility.
1469,suggestion,More green spaces and parks should be developed for recreational activities.
1470,suggestion,Government should introduce an online grievance redressal system for faster response.
1471,suggestion,Developing mobile apps for municipal services would improve accessibility.
1472,suggestion,Installing more CCTV cameras in public areas can improve safety.
1473,suggestion,Installing more CCTV cameras in public areas can improve safety.
1474,suggestion,Creating dedicated cycling lanes would encourage eco-friendly transport.
1475,suggestion,Setting up rainwater harvesting systems can help in water conservation.
1476,suggestion,Planting more trees along roads can help reduce pollution.
1477,suggestion,Developing mobile apps for municipal services would improve accessibility.
1478,suggestion,Planting more trees along roads can help reduce pollution.
1479,suggestion,Setting up rainwater harvesting systems can help in water conservation.
1480,suggestion,Smart traffic management solutions should be implemented to reduce congestion.
1481,suggestion,Creating dedicated cycling lanes would encourage eco-friendly transport.
1482,suggestion,More green spaces and parks should be developed for recreational activities.
1483,suggestion,Introducing e-buses would help in reducing pollution levels.
1484,suggestion,Planting more trees along roads can help reduce pollution.
1485,suggestion,Introducing e-buses would help in reducing pollution levels.
1486,suggestion,Smart traffic management solutions should be implemented to reduce congestion.
1487,suggestion,Providing free Wi-Fi in public places would benefit students and professionals.
1488,suggestion,Installing more CCTV cameras in public areas can improve safety.
1489,suggestion,Installing more CCTV cameras in public areas can improve safety.
1490,suggestion,Creating dedicated cycling lanes would encourage eco-friendly transport.
1491,suggestion,Developing mobile apps for municipal services would improve accessibility.
1492,suggestion,Government should introduce an online grievance redressal system for faster response.
1493,suggestion,Creating dedicated cycling lanes would encourage eco-friendly transport.
1494,suggestion,Planting more trees along roads can help reduce pollution.
1495,suggestion,Introducing e-buses would help in reducing pollution levels.
1496,suggestion,Introducing e-buses would help in reducing pollution levels.
1497,suggestion,Setting up rainwater harvesting systems can help in water conservation.
1498,suggestion,Planting more trees along roads can help reduce pollution.
1499,suggestion,Providing free Wi-Fi in public places would benefit students and professionals.
1500,suggestion,Providing free Wi-Fi in public places would benefit students and professionals.
1501,suggestion,Government should introduce an online grievance redressal system for faster response.
1502,suggestion,Smart traffic management solutions should be implemented to reduce congestion.
1503,suggestion,Smart traffic management solutions should be implemented to reduce congestion.
1504,suggestion,Planting more trees along roads can help reduce pollution.
1505,suggestion,Installing more CCTV cameras in public areas can improve safety.
1506,suggestion,Planting more trees along roads can help reduce pollution.
1507,suggestion,Developing mobile apps for municipal services would improve accessibility.
1508,suggestion,Government should introduce an online grievance redressal system for faster response.
1509,suggestion,Planting more trees along roads can help reduce pollution.
1510,suggestion,Planting more trees along roads can help reduce pollution.
1511,suggestion,Installing more CCTV cameras in public areas can improve safety.
1512,suggestion,More green spaces and parks should be developed for recreational activities.
1513,suggestion,Providing free Wi-Fi in public places would benefit students and professionals.
1514,suggestion,Providing free Wi-Fi in public places would benefit students and professionals.
1515,suggestion,Government should introduce an online grievance redressal system for faster response.
1516,suggestion,Providing free Wi-Fi in public places would benefit students and professionals.
1517,suggestion,Creating dedicated cycling lanes would encourage eco-friendly transport.
1518,suggestion,Providing free Wi-Fi in public places would benefit students and professionals.
1519,suggestion,More green spaces and parks should be developed for recreational activities.
1520,suggestion,Developing mobile apps for municipal services would improve accessibility.
1521,suggestion,Creating dedicated cycling lanes would encourage eco-friendly transport.
1522,suggestion,Creating dedicated cycling lanes would encourage eco-friendly transport.
1523,suggestion,More green spaces and parks should be developed for recreational activities.
1524,suggestion,Providing free Wi-Fi in public places would benefit students and professionals.
1525,suggestion,Developing mobile apps for municipal services would improve accessibility.
1526,suggestion,Planting more trees along roads can help reduce pollution.
1527,suggestion,Creating dedicated cycling lanes would encourage eco-friendly transport.
1528,suggestion,Setting up rainwater harvesting systems can help in water conservation.
1529,suggestion,Government should introduce an online grievance redressal system for faster response.
1530,suggestion,Providing free Wi-Fi in public places would benefit students and professionals.
1531,suggestion,Providing free Wi-Fi in public places would benefit students and professionals.
1532,suggestion,Installing more CCTV cameras in public areas can improve safety.
1533,suggestion,Providing free Wi-Fi in public places would benefit students and professionals.
1534,suggestion,Setting up rainwater harvesting systems can help in water conservation.
1535,suggestion,Setting up rainwater harvesting systems can help in water conservation.
1536,suggestion,Providing free Wi-Fi in public places would benefit students and professionals.
1537,suggestion,More green spaces and parks should be developed for recreational activities.
1538,suggestion,Planting more trees along roads can help reduce pollution.
1539,suggestion,Smart traffic management solutions should be implemented to reduce congestion.
1540,suggestion,Introducing e-buses would help in reducing pollution levels.
1541,suggestion,Developing mobile apps for municipal services would improve accessibility.
1542,suggestion,Installing more CCTV cameras in public areas can improve safety.
1543,suggestion,Creating dedicated cycling lanes would encourage eco-friendly transport.
1544,suggestion,Developing mobile apps for municipal services would improve accessibility.
1545,suggestion,Installing more CCTV cameras in public areas can improve safety.
1546,suggestion,Government should introduce an online grievance redressal system for faster response.
1547,suggestion,Government should introduce an online grievance redressal system for faster response.
1548,suggestion,Providing free Wi-Fi in public places would benefit students and professionals.
1549,suggestion,More green spaces and parks should be developed for recreational activities.
1550,suggestion,More green spaces and parks should be developed for recreational activities.
1551,suggestion,Providing free Wi-Fi in public places would benefit students and professionals.
1552,suggestion,Planting more trees along roads can help reduce pollution.
1553,suggestion,Developing mobile apps for municipal services would improve accessibility.
1554,suggestion,Planting more trees along roads can help reduce pollution.
1555,suggestion,Creating dedicated cycling lanes would encourage eco-friendly transport.
1556,suggestion,Government should introduce an online grievance redressal system for faster response.
1557,suggestion,Developing mobile apps for municipal services would improve accessibility.
1558,suggestion,Smart traffic management solutions should be implemented to reduce congestion.
1559,suggestion,Government should introduce an online grievance redressal system for faster response.
1560,suggestion,Government should introduce an online grievance redressal system for faster response.
1561,suggestion,Setting up rainwater harvesting systems can help in water conservation.
1562,suggestion,Installing more CCTV cameras in public areas can improve safety.
1563,suggestion,Developing mobile apps for municipal services would improve accessibility.
1564,suggestion,More green spaces and parks should be developed for recreational activities.
1565,suggestion,More green spaces and parks should be developed for recreational activities.
1566,suggestion,Setting up rainwater harvesting systems can help in water conservation.
1567,suggestion,More green spaces and parks should be developed for recreational activities.
1568,suggestion,Smart traffic management solutions should be implemented to reduce congestion.
1569,suggestion,Setting up rainwater harvesting systems can help in water conservation.
1570,suggestion,Smart traffic management solutions should be implemented to reduce congestion.
1571,suggestion,Creating dedicated cycling lanes would encourage eco-friendly transport.
1572,suggestion,Government should introduce an online grievance redressal system for faster response.
1573,suggestion,Installing more CCTV cameras in public areas can improve safety.
1574,suggestion,Providing free Wi-Fi in public places would benefit students and professionals.
1575,suggestion,Government should introduce an online grievance redressal system for faster response.
1576,suggestion,Installing more CCTV cameras in public areas can improve safety.
1577,suggestion,Installing more CCTV cameras in public areas can improve safety.
1578,suggestion,Introducing e-buses would help in reducing pollution levels.
1579,suggestion,Creating dedicated cycling lanes would encourage eco-friendly transport.
1580,suggestion,Planting more trees along roads can help reduce pollution.
1581,suggestion,More green spaces and parks should be developed for recreational activities.
1582,suggestion,Installing more CCTV cameras in public areas can improve safety.
1583,suggestion,Government should introduce an online grievance redressal system for faster response.
1584,suggestion,Introducing e-buses would help in reducing pollution levels.
1585,suggestion,Smart traffic management solutions should be implemented to reduce congestion.
1586,suggestion,Setting up rainwater harvesting systems can help in water conservation.
1587,suggestion,Developing mobile apps for municipal services would improve accessibility.
1588,suggestion,Installing more CCTV cameras in public areas can improve safety.
1589,suggestion,Installing more CCTV cameras in public areas can improve safety.
1590,suggestion,Developing mobile apps for municipal services would improve accessibility.
1591,suggestion,Installing more CCTV cameras in public areas can improve safety.
1592,suggestion,More green spaces and parks should be developed for recreational activities.
1593,suggestion,Planting more trees along roads can help reduce pollution.
1594,suggestion,Government should introduce an online grievance redressal system for faster response.
1595,suggestion,Smart traffic management solutions should be implemented to reduce congestion.
1596,suggestion,Setting up rainwater harvesting systems can help in water conservation.
1597,suggestion,Introducing e-buses would help in reducing pollution levels.
1598,suggestion,Planting more trees along roads can help reduce pollution.
1599,suggestion,Creating dedicated cycling lanes would encourage eco-friendly transport.
1600,suggestion,More green spaces and parks should be developed for recreational activities.
1601,suggestion,Setting up rainwater harvesting systems can help in water conservation.
1602,suggestion,Setting up rainwater harvesting systems can help in water conservation.
1603,suggestion,More green spaces and parks should be developed for recreational activities.
1604,suggestion,Planting more trees along roads can help reduce pollution.
1605,suggestion,Installing more CCTV cameras in public areas can improve safety.
1606,suggestion,Developing mobile apps for municipal services would improve accessibility.
1607,suggestion,Government should introduce an online grievance redressal system for faster response.
1608,suggestion,Providing free Wi-Fi in public places would benefit students and professionals.
1609,suggestion,Government should introduce an online grievance redressal system for faster response.
1610,suggestion,Providing free Wi-Fi in public places would benefit students and professionals.
1611,suggestion,Setting up rainwater harvesting systems can help in water conservation.
1612,suggestion,Smart traffic management solutions should be implemented to reduce congestion.
1613,suggestion,Planting more trees along roads can help reduce pollution.
1614,suggestion,Providing free Wi-Fi in public places would benefit students and professionals.
1615,suggestion,Smart traffic management solutions should be implemented to reduce congestion.
1616,suggestion,Creating dedicated cycling lanes would encourage eco-friendly transport.
1617,suggestion,Providing free Wi-Fi in public places would benefit students and professionals.
1618,suggestion,Planting more trees along roads can help reduce pollution.
1619,suggestion,Government should introduce an online grievance redressal system for faster response.
1620,suggestion,Planting more trees along roads can help reduce pollution.
1621,suggestion,Creating dedicated cycling lanes would encourage eco-friendly transport.
1622,suggestion,Setting up rainwater harvesting systems can help in water conservation.
1623,suggestion,Government should introduce an online grievance redressal system for faster response.
1624,suggestion,Developing mobile apps for municipal services would improve accessibility.
1625,suggestion,Planting more trees along roads can help reduce pollution.
1626,suggestion,More green spaces and parks should be developed for recreational activities.
1627,suggestion,Introducing e-buses would help in reducing pollution levels.
1628,suggestion,Providing free Wi-Fi in public places would benefit students and professionals.
1629,suggestion,Installing more CCTV cameras in public areas can improve safety.
1630,suggestion,Introducing e-buses would help in reducing pollution levels.
1631,suggestion,Introducing e-buses would help in reducing pollution levels.
1632,suggestion,Setting up rainwater harvesting systems can help in water conservation.
1633,suggestion,Planting more trees along roads can help reduce pollution.
1634,suggestion,Smart traffic management solutions should be implemented to reduce congestion.
1635,suggestion,Providing free Wi-Fi in public places would benefit students and professionals.
1636,suggestion,More green spaces and parks should be developed for recreational activities.
1637,suggestion,Installing more CCTV cameras in public areas can improve safety.
1638,suggestion,Setting up rainwater harvesting systems can help in water conservation.
1639,suggestion,Developing mobile apps for municipal services would improve accessibility.
1640,suggestion,Providing free Wi-Fi in public places would benefit students and professionals.
1641,suggestion,Smart traffic management solutions should be implemented to reduce congestion.
1642,suggestion,Planting more trees along roads can help reduce pollution.
1643,suggestion,More green spaces and parks should be developed for recreational activities.
1644,suggestion,Creating dedicated cycling lanes would encourage eco-friendly transport.
1645,suggestion,Creating dedicated cycling lanes would encourage eco-friendly transport.
1646,suggestion,Installing more CCTV cameras in public areas can improve safety.
1647,suggestion,Setting up rainwater harvesting systems can help in water conservation.
1648,suggestion,Government should introduce an online grievance redressal system for faster response.
1649,suggestion,Setting up rainwater harvesting systems can help in water conservation.
1650,suggestion,Setting up rainwater harvesting systems can help in water conservation.
1651,suggestion,Setting up rainwater harvesting systems can help in water conservation.
1652,suggestion,Providing free Wi-Fi in public places would benefit students and professionals.
1653,suggestion,Setting up rainwater harvesting systems can help in water conservation.
1654,suggestion,Planting more trees along roads can help reduce pollution.
1655,suggestion,More green spaces and parks should be developed for recreational activities.
1656,suggestion,Providing free Wi-Fi in public places would benefit students and professionals.
1657,suggestion,Introducing e-buses would help in reducing pollution levels.
1658,suggestion,More green spaces and parks should be developed for recreational activities.
1659,suggestion,Setting up rainwater harvesting systems can help in water conservation.
1660,suggestion,More green spaces and parks should be developed for recreational activities.
1661,suggestion,Installing more CCTV cameras in public areas can improve safety.
1662,suggestion,Setting up rainwater harvesting systems can help in water conservation.
1663,suggestion,Smart traffic management solutions should be implemented to reduce congestion.
1664,suggestion,More green spaces and parks should be developed for recreational activities.
1665,suggestion,Providing free Wi-Fi in public places would benefit students and professionals.
1666,suggestion,Developing mobile apps for municipal services would improve accessibility.
1667,suggestion,Creating dedicated cycling lanes would encourage eco-friendly transport.
1668,suggestion,More green spaces and parks should be developed for recreational activities.
1669,suggestion,Setting up rainwater harvesting systems can help in water conservation.
1670,suggestion,Developing mobile apps for municipal services would improve accessibility.
1671,suggestion,Installing more CCTV cameras in public areas can improve safety.
1672,suggestion,Introducing e-buses would help in reducing pollution levels.
1673,suggestion,Planting more trees along roads can help reduce pollution.
1674,suggestion,Installing more CCTV cameras in public areas can improve safety.
1675,suggestion,Smart traffic management solutions should be implemented to reduce congestion.
1676,suggestion,Government should introduce an online grievance redressal system for faster response.
1677,suggestion,Creating dedicated cycling lanes would encourage eco-friendly transport.
1678,suggestion,Government should introduce an online grievance redressal system for faster response.
1679,suggestion,Smart traffic management solutions should be implemented to reduce congestion.
1680,suggestion,Installing more CCTV cameras in public areas can improve safety.
1681,suggestion,Planting more trees along roads can help reduce pollution.
1682,suggestion,Providing free Wi-Fi in public places would benefit students and professionals.
1683,suggestion,More green spaces and parks should be developed for recreational activities.
1684,suggestion,Providing free Wi-Fi in public places would benefit students and professionals.
1685,suggestion,Government should introduce an online grievance redressal system for faster response.
1686,suggestion,More green spaces and parks should be developed for recreational activities.
1687,suggestion,Setting up rainwater harvesting systems can help in water conservation.
1688,suggestion,More green spaces and parks should be developed for recreational activities.
1689,suggestion,Planting more trees along roads can help reduce pollution.
1690,suggestion,Government should introduce an online grievance redressal system for faster response.
1691,suggestion,Creating dedicated cycling lanes would encourage eco-friendly transport.
1692,suggestion,Developing mobile apps for municipal services would improve accessibility.
1693,suggestion,Introducing e-buses would help in reducing pollution levels.
1694,suggestion,Introducing e-buses would help in reducing pollution levels.
1695,suggestion,Setting up rainwater harvesting systems can help in water conservation.
1696,suggestion,Installing more CCTV cameras in public areas can improve safety.
1697,suggestion,Setting up rainwater harvesting systems can help in water conservation.
1698,suggestion,More green spaces and parks should be developed for recreational activities.
1699,suggestion,Providing free Wi-Fi in public places would benefit students and professionals.
1700,suggestion,Providing free Wi-Fi in public places would benefit students and professionals.
1701,suggestion,Creating dedicated cycling lanes would encourage eco-friendly transport.
1702,suggestion,Planting more trees along roads can help reduce pollution.
1703,suggestion,Introducing e-buses would help in reducing pollution levels.
1704,suggestion,Setting up rainwater harvesting systems can help in water conservation.
1705,suggestion,Government should introduce an online grievance redressal system for faster response.
1706,suggestion,Installing more CCTV cameras in public areas can improve safety.
1707,suggestion,Planting more trees along roads can help reduce pollution.
1708,suggestion,Installing more CCTV cameras in public areas can improve safety.
1709,suggestion,Smart traffic management solutions should be implemented to reduce congestion.
1710,suggestion,Government should introduce an online grievance redressal system for faster response.
1711,suggestion,Government should introduce an online grievance redressal system for faster response.
1712,suggestion,Smart traffic management solutions should be implemented to reduce congestion.
1713,suggestion,Installing more CCTV cameras in public areas can improve safety.
1714,suggestion,Creating dedicated cycling lanes would encourage eco-friendly transport.
1715,suggestion,Developing mobile apps for municipal services would improve accessibility.
1716,suggestion,Introducing e-buses would help in reducing pollution levels.
1717,suggestion,Setting up rainwater harvesting systems can help in water conservation.
1718,suggestion,Government should introduce an online grievance redressal system for faster response.
1719,suggestion,Government should introduce an online grievance redressal system for faster response.
1720,suggestion,Developing mobile apps for municipal services would improve accessibility.
1721,suggestion,Setting up rainwater harvesting systems can help in water conservation.
1722,suggestion,Setting up rainwater harvesting systems can help in water conservation.
1723,suggestion,Planting more trees along roads can help reduce pollution.
1724,suggestion,Smart traffic management solutions should be implemented to reduce congestion.
1725,suggestion,More green spaces and parks should be developed for recreational activities.
1726,suggestion,Government should introduce an online grievance redressal system for faster response.
1727,suggestion,Installing more CCTV cameras in public areas can improve safety.
1728,suggestion,Installing more CCTV cameras in public areas can improve safety.
1729,suggestion,Introducing e-buses would help in reducing pollution levels.
1730,suggestion,Government should introduce an online grievance redressal system for faster response.
1731,suggestion,Setting up rainwater harvesting systems can help in water conservation.
1732,suggestion,Installing more CCTV cameras in public areas can improve safety.
1733,suggestion,Developing mobile apps for municipal services would improve accessibility.
1734,suggestion,Introducing e-buses would help in reducing pollution levels.
1735,suggestion,Setting up rainwater harvesting systems can help in water conservation.
1736,suggestion,Installing more CCTV cameras in public areas can improve safety.
1737,suggestion,Providing free Wi-Fi in public places would benefit students and professionals.
1738,suggestion,Developing mobile apps for municipal services would improve accessibility.
1739,suggestion,Providing free Wi-Fi in public places would benefit students and professionals.
1740,suggestion,Developing mobile apps for municipal services would improve accessibility.
1741,suggestion,Introducing e-buses would help in reducing pollution levels.
1742,suggestion,Providing free Wi-Fi in public places would benefit students and professionals.
1743,suggestion,More green spaces and parks should be developed for recreational activities.
1744,suggestion,Creating dedicated cycling lanes would encourage eco-friendly transport.
1745,suggestion,Setting up rainwater harvesting systems can help in water conservation.
1746,suggestion,Providing free Wi-Fi in public places would benefit students and professionals.
1747,suggestion,Setting up rainwater harvesting systems can help in water conservation.
1748,suggestion,Setting up rainwater harvesting systems can help in water conservation.
1749,suggestion,Introducing e-buses would help in reducing pollution levels.
1750,suggestion,Installing more CCTV cameras in public areas can improve safety.
1751,suggestion,More green spaces and parks should be developed for recreational activities.
1752,suggestion,Installing more CCTV cameras in public areas can improve safety.
1753,suggestion,Providing free Wi-Fi in public places would benefit students and professionals.
1754,suggestion,More green spaces and parks should be developed for recreational activities.
1755,suggestion,Smart traffic management solutions should be implemented to reduce congestion.
1756,suggestion,Developing mobile apps for municipal services would improve accessibility.
1757,suggestion,Setting up rainwater harvesting systems can help in water conservation.
1758,suggestion,Smart traffic management solutions should be implemented to reduce congestion.
1759,suggestion,Creating dedicated cycling lanes would encourage eco-friendly transport.
1760,suggestion,Introducing e-buses would help in reducing pollution levels.
1761,suggestion,Creating dedicated cycling lanes would encourage eco-friendly transport.
1762,suggestion,Setting up rainwater harvesting systems can help in water conservation.
1763,suggestion,Government should introduce an online grievance redressal system for faster response.
1764,suggestion,Creating dedicated cycling lanes would encourage eco-friendly transport.
1765,suggestion,Government should introduce an online grievance redressal system for faster response.
1766,suggestion,Creating dedicated cycling lanes would encourage eco-friendly transport.
1767,suggestion,Setting up rainwater harvesting systems can help in water conservation.
1768,suggestion,Providing free Wi-Fi in public places would benefit students and professionals.
1769,suggestion,Installing more CCTV cameras in public areas can improve safety.
1770,suggestion,Creating dedicated cycling lanes would encourage eco-friendly transport.
1771,suggestion,Developing mobile apps for municipal services would improve accessibility.
1772,suggestion,Government should introduce an online grievance redressal system for faster response.
1773,suggestion,Developing mobile apps for municipal services would improve accessibility.
1774,suggestion,Installing more CCTV cameras in public areas can improve safety.
1775,suggestion,Creating dedicated cycling lanes would encourage eco-friendly transport.
1776,suggestion,Creating dedicated cycling lanes would encourage eco-friendly transport.
1777,suggestion,Providing free Wi-Fi in public places would benefit students and professionals.
1778,suggestion,Introducing e-buses would help in reducing pollution levels.
1779,suggestion,Smart traffic management solutions should be implemented to reduce congestion.
1780,suggestion,Setting up rainwater harvesting systems can help in water conservation.
1781,suggestion,Installing more CCTV cameras in public areas can improve safety.
1782,suggestion,Installing more CCTV cameras in public areas can improve safety.
1783,suggestion,Creating dedicated cycling lanes would encourage eco-friendly transport.
1784,suggestion,Setting up rainwater harvesting systems can help in water conservation.
1785,suggestion,Setting up rainwater harvesting systems can help in water conservation.
1786,suggestion,More green spaces and parks should be developed for recreational activities.
1787,suggestion,Developing mobile apps for municipal services would improve accessibility.
1788,suggestion,Setting up rainwater harvesting systems can help in water conservation.
1789,suggestion,Developing mobile apps for municipal services would improve accessibility.
1790,suggestion,Developing mobile apps for municipal services would improve accessibility.
1791,suggestion,Providing free Wi-Fi in public places would benefit students and professionals.
1792,suggestion,Creating dedicated cycling lanes would encourage eco-friendly transport.
1793,suggestion,Creating dedicated cycling lanes would encourage eco-friendly transport.
1794,suggestion,Developing mobile apps for municipal services would improve accessibility.
1795,suggestion,Introducing e-buses would help in reducing pollution levels.
1796,suggestion,More green spaces and parks should be developed for recreational activities.
1797,suggestion,Introducing e-buses would help in reducing pollution levels.
1798,suggestion,Government should introduce an online grievance redressal system for faster response.
1799,suggestion,Introducing e-buses would help in reducing pollution levels.
1800,suggestion,Planting more trees along roads can help reduce pollution.
1801,suggestion,Developing mobile apps for municipal services would improve accessibility.
1802,suggestion,More green spaces and parks should be developed for recreational activities.
1803,suggestion,Planting more trees along roads can help reduce pollution.
1804,suggestion,Developing mobile apps for municipal services would improve accessibility.
1805,suggestion,Smart traffic management solutions should be implemented to reduce congestion.
1806,suggestion,Providing free Wi-Fi in public places would benefit students and professionals.
1807,suggestion,Smart traffic management solutions should be implemented to reduce congestion.
1808,suggestion,Setting up rainwater harvesting systems can help in water conservation.
1809,suggestion,Smart traffic management solutions should be implemented to reduce congestion.
1810,suggestion,Creating dedicated cycling lanes would encourage eco-friendly transport.
1811,suggestion,Setting up rainwater harvesting systems can help in water conservation.
1812,suggestion,Government should introduce an online grievance redressal system for faster response.
1813,suggestion,Developing mobile apps for municipal services would improve accessibility.
1814,suggestion,Introducing e-buses would help in reducing pollution levels.
1815,suggestion,More green spaces and parks should be developed for recreational activities.
1816,suggestion,Developing mobile apps for municipal services would improve accessibility.
1817,suggestion,Creating dedicated cycling lanes would encourage eco-friendly transport.
1818,suggestion,Creating dedicated cycling lanes would encourage eco-friendly transport.
1819,suggestion,Smart traffic management solutions should be implemented to reduce congestion.
1820,suggestion,Providing free Wi-Fi in public places would benefit students and professionals.
1821,suggestion,Developing mobile apps for municipal services would improve accessibility.
1822,suggestion,Providing free Wi-Fi in public places would benefit students and professionals.
1823,suggestion,Setting up rainwater harvesting systems can help in water conservation.
1824,suggestion,Creating dedicated cycling lanes would encourage eco-friendly transport.
1825,suggestion,Providing free Wi-Fi in public places would benefit students and professionals.
1826,suggestion,Developing mobile apps for municipal services would improve accessibility.
1827,suggestion,Government should introduce an online grievance redressal system for faster response.
1828,suggestion,Developing mobile apps for municipal services would improve accessibility.
1829,suggestion,Introducing e-buses would help in reducing pollution levels.
1830,suggestion,Installing more CCTV cameras in public areas can improve safety.
1831,suggestion,Government should introduce an online grievance redressal system for faster response.
1832,suggestion,Planting more trees along roads can help reduce pollution.
1833,suggestion,Installing more CCTV cameras in public areas can improve safety.
1834,suggestion,Setting up rainwater harvesting systems can help in water conservation.
1835,suggestion,Setting up rainwater harvesting systems can help in water conservation.
1836,suggestion,Installing more CCTV cameras in public areas can improve safety.
1837,suggestion,Government should introduce an online grievance redressal system for faster response.
1838,suggestion,Installing more CCTV cameras in public areas can improve safety.
1839,suggestion,Smart traffic management solutions should be implemented to reduce congestion.
1840,suggestion,Setting up rainwater harvesting systems can help in water conservation.
1841,suggestion,Introducing e-buses would help in reducing pollution levels.
1842,suggestion,Creating dedicated cycling lanes would encourage eco-friendly transport.
1843,suggestion,Introducing e-buses would help in reducing pollution levels.
1844,suggestion,Creating dedicated cycling lanes would encourage eco-friendly transport.
1845,suggestion,Developing mobile apps for municipal services would improve accessibility.
1846,suggestion,Government should introduce an online grievance redressal system for faster response.
1847,suggestion,More green spaces and parks should be developed for recreational activities.
1848,suggestion,Introducing e-buses would help in reducing pollution levels.
1849,suggestion,Smart traffic management solutions should be implemented to reduce congestion.
1850,suggestion,Installing more CCTV cameras in public areas can improve safety.
1851,suggestion,Smart traffic management solutions should be implemented to reduce congestion.
1852,suggestion,Creating dedicated cycling lanes would encourage eco-friendly transport.
1853,suggestion,Planting more trees along roads can help reduce pollution.
1854,suggestion,Smart traffic management solutions should be implemented to reduce congestion.
1855,suggestion,Smart traffic management solutions should be implemented to reduce congestion.
1856,suggestion,Introducing e-buses would help in reducing pollution levels.
1857,suggestion,Setting up rainwater harvesting systems can help in water conservation.
1858,suggestion,Setting up rainwater harvesting systems can help in water conservation.
1859,suggestion,Providing free Wi-Fi in public places would benefit students and professionals.
1860,suggestion,Government should introduce an online grievance redressal system for faster response.
1861,suggestion,Developing mobile apps for municipal services would improve accessibility.
1862,suggestion,Setting up rainwater harvesting systems can help in water conservation.
1863,suggestion,Introducing e-buses would help in reducing pollution levels.
1864,suggestion,Providing free Wi-Fi in public places would benefit students and professionals.
1865,suggestion,Providing free Wi-Fi in public places would benefit students and professionals.
1866,suggestion,More green spaces and parks should be developed for recreational activities.
1867,suggestion,Installing more CCTV cameras in public areas can improve safety.
1868,suggestion,Planting more trees along roads can help reduce pollution.
1869,suggestion,Government should introduce an online grievance redressal system for faster response.
1870,suggestion,Planting more trees along roads can help reduce pollution.
1871,suggestion,Developing mobile apps for municipal services would improve accessibility.
1872,suggestion,Creating dedicated cycling lanes would encourage eco-friendly transport.
1873,suggestion,Government should introduce an online grievance redressal system for faster response.
1874,suggestion,Providing free Wi-Fi in public places would benefit students and professionals.
1875,suggestion,Developing mobile apps for municipal services would improve accessibility.
1876,suggestion,Providing free Wi-Fi in public places would benefit students and professionals.
1877,suggestion,More green spaces and parks should be developed for recreational activities.
1878,suggestion,Creating dedicated cycling lanes would encourage eco-friendly transport.
1879,suggestion,Smart traffic management solutions should be implemented to reduce congestion.
1880,suggestion,Installing more CCTV cameras in public areas can improve safety.
1881,suggestion,Government should introduce an online grievance redressal system for faster response.
1882,suggestion,Government should introduce an online grievance redressal system for faster response.
1883,suggestion,Smart traffic management solutions should be implemented to reduce congestion.
1884,suggestion,Government should introduce an online grievance redressal system for faster response.
1885,suggestion,Creating dedicated cycling lanes would encourage eco-friendly transport.
1886,suggestion,Introducing e-buses would help in reducing pollution levels.
1887,suggestion,More green spaces and parks should be developed for recreational activities.
1888,suggestion,Providing free Wi-Fi in public places would benefit students and professionals.
1889,suggestion,Creating dedicated cycling lanes would encourage eco-friendly transport.
1890,suggestion,Smart traffic management solutions should be implemented to reduce congestion.
1891,suggestion,More green spaces and parks should be developed for recreational activities.
1892,suggestion,Installing more CCTV cameras in public areas can improve safety.
1893,suggestion,Developing mobile apps for municipal services would improve accessibility.
1894,suggestion,More green spaces and parks should be developed for recreational activities.
1895,suggestion,Smart traffic management solutions should be implemented to reduce congestion.
1896,suggestion,Developing mobile apps for municipal services would improve accessibility.
1897,suggestion,Creating dedicated cycling lanes would encourage eco-friendly transport.
1898,suggestion,More green spaces and parks should be developed for recreational activities.
1899,suggestion,Installing more CCTV cameras in public areas can improve safety.
1900,suggestion,More green spaces and parks should be developed for recreational activities.
1901,suggestion,Creating dedicated cycling lanes would encourage eco-friendly transport.
1902,suggestion,Government should introduce an online grievance redressal system for faster response.
1903,suggestion,Setting up rainwater harvesting systems can help in water conservation.
1904,suggestion,Installing more CCTV cameras in public areas can improve safety.
1905,suggestion,Developing mobile apps for municipal services would improve accessibility.
1906,suggestion,Smart traffic management solutions should be implemented to reduce congestion.
1907,suggestion,Providing free Wi-Fi in public places would benefit students and professionals.
1908,suggestion,Government should introduce an online grievance redressal system for faster response.
1909,suggestion,Government should introduce an online grievance redressal system for faster response.
1910,suggestion,Smart traffic management solutions should be implemented to reduce congestion.
1911,suggestion,Introducing e-buses would help in reducing pollution levels.
1912,suggestion,More green spaces and parks should be developed for recreational activities.
1913,suggestion,Government should introduce an online grievance redressal system for faster response.
1914,suggestion,Providing free Wi-Fi in public places would benefit students and professionals.
1915,suggestion,Introducing e-buses would help in reducing pollution levels.
1916,suggestion,Developing mobile apps for municipal services would improve accessibility.
1917,suggestion,Creating dedicated cycling lanes would encourage eco-friendly transport.
1918,suggestion,Providing free Wi-Fi in public places would benefit students and professionals.
1919,suggestion,Smart traffic management solutions should be implemented to reduce congestion.
1920,suggestion,Creating dedicated cycling lanes would encourage eco-friendly transport.
1921,suggestion,Creating dedicated cycling lanes would encourage eco-friendly transport.
1922,suggestion,More green spaces and parks should be developed for recreational activities.
1923,suggestion,Developing mobile apps for municipal services would improve accessibility.
1924,suggestion,Installing more CCTV cameras in public areas can improve safety.
1925,suggestion,Setting up rainwater harvesting systems can help in water conservation.
1926,suggestion,More green spaces and parks should be developed for recreational activities.
1927,suggestion,Creating dedicated cycling lanes would encourage eco-friendly transport.
1928,suggestion,More green spaces and parks should be developed for recreational activities.
1929,suggestion,Developing mobile apps for municipal services would improve accessibility.
1930,suggestion,More green spaces and parks should be developed for recreational activities.
1931,suggestion,Introducing e-buses would help in reducing pollution levels.
1932,suggestion,Providing free Wi-Fi in public places would benefit students and professionals.
1933,suggestion,Government should introduce an online grievance redressal system for faster response.
1934,suggestion,Setting up rainwater harvesting systems can help in water conservation.
1935,suggestion,Creating dedicated cycling lanes would encourage eco-friendly transport.
1936,suggestion,Introducing e-buses would help in reducing pollution levels.
1937,suggestion,Providing free Wi-Fi in public places would benefit students and professionals.
1938,suggestion,Setting up rainwater harvesting systems can help in water conservation.
1939,suggestion,Introducing e-buses would help in reducing pollution levels.
1940,suggestion,Government should introduce an online grievance redressal system for faster response.
1941,suggestion,Planting more trees along roads can help reduce pollution.
1942,suggestion,Government should introduce an online grievance redressal system for faster response.
1943,suggestion,More green spaces and parks should be developed for recreational activities.
1944,suggestion,Government should introduce an online grievance redressal system for faster response.
1945,suggestion,Creating dedicated cycling lanes would encourage eco-friendly transport.
1946,suggestion,Installing more CCTV cameras in public areas can improve safety.
1947,suggestion,Creating dedicated cycling lanes would encourage eco-friendly transport.
1948,suggestion,More green spaces and parks should be developed for recreational activities.
1949,suggestion,Setting up rainwater harvesting systems can help in water conservation.
1950,suggestion,Introducing e-buses would help in reducing pollution levels.
1951,suggestion,Introducing e-buses would help in reducing pollution levels.
1952,suggestion,Smart traffic management solutions should be implemented to reduce congestion.
1953,suggestion,More green spaces and parks should be developed for recreational activities.
1954,suggestion,Installing more CCTV cameras in public areas can improve safety.
1955,suggestion,Installing more CCTV cameras in public areas can improve safety.
1956,suggestion,Planting more trees along roads can help reduce pollution.
1957,suggestion,Creating dedicated cycling lanes would encourage eco-friendly transport.
1958,suggestion,Introducing e-buses would help in reducing pollution levels.
1959,suggestion,Creating dedicated cycling lanes would encourage eco-friendly transport.
1960,suggestion,Introducing e-buses would help in reducing pollution levels.
1961,suggestion,Installing more CCTV cameras in public areas can improve safety.
1962,suggestion,Providing free Wi-Fi in public places would benefit students and professionals.
1963,suggestion,Setting up rainwater harvesting systems can help in water conservation.
1964,suggestion,Creating dedicated cycling lanes would encourage eco-friendly transport.
1965,suggestion,Providing free Wi-Fi in public places would benefit students and professionals.
1966,suggestion,Providing free Wi-Fi in public places would benefit students and professionals.
1967,suggestion,Smart traffic management solutions should be implemented to reduce congestion.
1968,suggestion,Providing free Wi-Fi in public places would benefit students and professionals.
1969,suggestion,Developing mobile apps for municipal services would improve accessibility.
1970,suggestion,Providing free Wi-Fi in public places would benefit students and professionals.
1971,suggestion,Planting more trees along roads can help reduce pollution.
1972,suggestion,Planting more trees along roads can help reduce pollution.
1973,suggestion,Setting up rainwater harvesting systems can help in water conservation.
1974,suggestion,Creating dedicated cycling lanes would encourage eco-friendly transport.
1975,suggestion,Setting up rainwater harvesting systems can help in water conservation.
1976,suggestion,Setting up rainwater harvesting systems can help in water conservation.
1977,suggestion,Planting more trees along roads can help reduce pollution.
1978,suggestion,Installing more CCTV cameras in public areas can improve safety.
1979,suggestion,Government should introduce an online grievance redressal system for faster response.
1980,suggestion,Installing more CCTV cameras in public areas can improve safety.
1981,suggestion,More green spaces and parks should be developed for recreational activities.
1982,suggestion,More green spaces and parks should be developed for recreational activities.
1983,suggestion,Introducing e-buses would help in reducing pollution levels.
1984,suggestion,Government should introduce an online grievance redressal system for faster response.
1985,suggestion,Introducing e-buses would help in reducing pollution levels.
1986,suggestion,Creating dedicated cycling lanes would encourage eco-friendly transport.
1987,suggestion,More green spaces and parks should be developed for recreational activities.
1988,suggestion,Creating dedicated cycling lanes would encourage eco-friendly transport.
1989,suggestion,Introducing e-buses would help in reducing pollution levels.
1990,suggestion,Providing free Wi-Fi in public places would benefit students and professionals.
1991,suggestion,Installing more CCTV cameras in public areas can improve safety.
1992,suggestion,More green spaces and parks should be developed for recreational activities.
1993,suggestion,Planting more trees along roads can help reduce pollution.
1994,suggestion,Smart traffic management solutions should be implemented to reduce congestion.
1995,suggestion,Government should introduce an online grievance redressal system for faster response.
1996,suggestion,Installing more CCTV cameras in public areas can improve safety.
1997,suggestion,Setting up rainwater harvesting systems can help in water conservation.
1998,suggestion,Smart traffic management solutions should be implemented to reduce congestion.
1999,suggestion,Developing mobile apps for municipal services would improve accessibility.
2000,suggestion,Introducing e-buses would help in reducing pollution levels.
2001,suggestion,Introducing e-buses would help in reducing pollution levels.
2002,suggestion,Providing free Wi-Fi in public places would benefit students and professionals.
2003,suggestion,Setting up rainwater harvesting systems can help in water conservation.
2004,suggestion,Providing free Wi-Fi in public places would benefit students and professionals.
2005,suggestion,Developing mobile apps for municipal services would improve accessibility.
2006,suggestion,Developing mobile apps for municipal services would improve accessibility.
2007,suggestion,Introducing e-buses would help in reducing pollution levels.
2008,suggestion,More green spaces and parks should be developed for recreational activities.
2009,suggestion,Introducing e-buses would help in reducing pollution levels.
2010,suggestion,Creating dedicated cycling lanes would encourage eco-friendly transport.
2011,suggestion,More green spaces and parks should be developed for recreational activities.
2012,suggestion,Developing mobile apps for municipal services would improve accessibility.
2013,suggestion,Introducing e-buses would help in reducing pollution levels.
2014,suggestion,Government should introduce an online grievance redressal system for faster response.
2015,suggestion,Developing mobile apps for municipal services would improve accessibility.
2016,suggestion,Government should introduce an online grievance redressal system for faster response.
2017,suggestion,Setting up rainwater harvesting systems can help in water conservation.
2018,suggestion,Setting up rainwater harvesting systems can help in water conservation.
2019,suggestion,Developing mobile apps for municipal services would improve accessibility.
2020,suggestion,Developing mobile apps for municipal services would improve accessibility.
2021,suggestion,More green spaces and parks should be developed for recreational activities.
2022,suggestion,Introducing e-buses would help in reducing pollution levels.
2023,suggestion,Creating dedicated cycling lanes would encourage eco-friendly transport.
2024,suggestion,Smart traffic management solutions should be implemented to reduce congestion.
2025,suggestion,More green spaces and parks should be developed for recreational activities.
2026,suggestion,Developing mobile apps for municipal services would improve accessibility.
2027,suggestion,Creating dedicated cycling lanes would encourage eco-friendly transport.
2028,suggestion,Developing mobile apps for municipal services would improve accessibility.
2029,suggestion,Installing more CCTV cameras in public areas can improve safety.
2030,suggestion,Installing more CCTV cameras in public areas can improve safety.
2031,suggestion,Installing more CCTV cameras in public areas can improve safety.
2032,suggestion,Developing mobile apps for municipal services would improve accessibility.
2033,suggestion,Providing free Wi-Fi in public places would benefit students and professionals.
2034,suggestion,Setting up rainwater harvesting systems can help in water conservation.
2035,suggestion,Government should introduce an online grievance redressal system for faster response.
2036,suggestion,Installing more CCTV cameras in public areas can improve safety.
2037,suggestion,Setting up rainwater harvesting systems can help in water conservation.
2038,suggestion,Smart traffic management solutions should be implemented to reduce congestion.
2039,suggestion,Developing mobile apps for municipal services would improve accessibility.
2040,suggestion,Setting up rainwater harvesting systems can help in water conservation.
2041,suggestion,Providing free Wi-Fi in public places would benefit students and professionals.
2042,suggestion,Developing mobile apps for municipal services would improve accessibility.
2043,suggestion,Introducing e-buses would help in reducing pollution levels.
2044,suggestion,Government should introduce an online grievance redressal system for faster response.
2045,suggestion,Providing free Wi-Fi in public places would benefit students and professionals.
2046,suggestion,More green spaces and parks should be developed for recreational activities.
2047,suggestion,Developing mobile apps for municipal services would improve accessibility.
2048,suggestion,Setting up rainwater harvesting systems can help in water conservation.
2049,suggestion,Introducing e-buses would help in reducing pollution levels.
2050,suggestion,Introducing e-buses would help in reducing pollution levels.
2051,suggestion,Planting more trees along roads can help reduce pollution.
2052,suggestion,Smart traffic management solutions should be implemented to reduce congestion.
2053,suggestion,Creating dedicated cycling lanes would encourage eco-friendly transport.
2054,suggestion,Setting up rainwater harvesting systems can help in water conservation.
2055,suggestion,Setting up rainwater harvesting systems can help in water conservation.
2056,suggestion,Developing mobile apps for municipal services would improve accessibility.
2057,suggestion,Setting up rainwater harvesting systems can help in water conservation.
2058,suggestion,More green spaces and parks should be developed for recreational activities.
2059,suggestion,Developing mobile apps for municipal services would improve accessibility.
2060,suggestion,Planting more trees along roads can help reduce pollution.
2061,suggestion,Creating dedicated cycling lanes would encourage eco-friendly transport.
2062,suggestion,Developing mobile apps for municipal services would improve accessibility.
2063,suggestion,Developing mobile apps for municipal services would improve accessibility.
2064,suggestion,Setting up rainwater harvesting systems can help in water conservation.
2065,suggestion,Introducing e-buses would help in reducing pollution levels.
2066,suggestion,Government should introduce an online grievance redressal system for faster response.
2067,suggestion,Installing more CCTV cameras in public areas can improve safety.
2068,suggestion,Setting up rainwater harvesting systems can help in water conservation.
2069,suggestion,Introducing e-buses would help in reducing pollution levels.
2070,suggestion,More green spaces and parks should be developed for recreational activities.
2071,suggestion,Introducing e-buses would help in reducing pollution levels.
2072,suggestion,Providing free Wi-Fi in public places would benefit students and professionals.
2073,suggestion,Introducing e-buses would help in reducing pollution levels.
2074,suggestion,Setting up rainwater harvesting systems can help in water conservation.
2075,suggestion,Providing free Wi-Fi in public places would benefit students and professionals.
2076,suggestion,Planting more trees along roads can help reduce pollution.
2077,suggestion,Providing free Wi-Fi in public places would benefit students and professionals.
2078,suggestion,Introducing e-buses would help in reducing pollution levels.
2079,suggestion,Developing mobile apps for municipal services would improve accessibility.
2080,suggestion,Developing mobile apps for municipal services would improve accessibility.
2081,suggestion,Government should introduce an online grievance redressal system for faster response.
2082,suggestion,Setting up rainwater harvesting systems can help in water conservation.
2083,suggestion,Developing mobile apps for municipal services would improve accessibility.
2084,suggestion,Setting up rainwater harvesting systems can help in water conservation.
2085,suggestion,Creating dedicated cycling lanes would encourage eco-friendly transport.
2086,suggestion,More green spaces and parks should be developed for recreational activities.
2087,suggestion,More green spaces and parks should be developed for recreational activities.
2088,suggestion,Introducing e-buses would help in reducing pollution levels.
2089,suggestion,Providing free Wi-Fi in public places would benefit students and professionals.
2090,suggestion,Providing free Wi-Fi in public places would benefit students and professionals.
2091,suggestion,Planting more trees along roads can help reduce pollution.
2092,suggestion,Smart traffic management solutions should be implemented to reduce congestion.
2093,suggestion,More green spaces and parks should be developed for recreational activities.
2094,suggestion,Planting more trees along roads can help reduce pollution.
2095,suggestion,Providing free Wi-Fi in public places would benefit students and professionals.
2096,suggestion,Developing mobile apps for municipal services would improve accessibility.
2097,suggestion,Introducing e-buses would help in reducing pollution levels.
2098,suggestion,Developing mobile apps for municipal services would improve accessibility.
2099,suggestion,Smart traffic management solutions should be implemented to reduce congestion.
2100,suggestion,Developing mobile apps for municipal services would improve accessibility.
2101,suggestion,Installing more CCTV cameras in public areas can improve safety.
2102,suggestion,Creating dedicated cycling lanes would encourage eco-friendly transport.
2103,suggestion,Developing mobile apps for municipal services would improve accessibility.
2104,suggestion,More green spaces and parks should be developed for recreational activities.
2105,suggestion,Installing more CCTV cameras in public areas can improve safety.
2106,suggestion,Developing mobile apps for municipal services would improve accessibility.
2107,suggestion,Introducing e-buses would help in reducing pollution levels.
2108,suggestion,Introducing e-buses would help in reducing pollution levels.
2109,suggestion,Providing free Wi-Fi in public places would benefit students and professionals.
2110,suggestion,Introducing e-buses would help in reducing pollution levels.
2111,suggestion,Smart traffic management solutions should be implemented to reduce congestion.
2112,suggestion,Government should introduce an online grievance redressal system for faster response.
2113,suggestion,Planting more trees along roads can help reduce pollution.
2114,suggestion,Developing mobile apps for municipal services would improve accessibility.
2115,suggestion,Government should introduce an online grievance redressal system for faster response.
2116,suggestion,Planting more trees along roads can help reduce pollution.
2117,suggestion,Setting up rainwater harvesting systems can help in water conservation.
2118,suggestion,Setting up rainwater harvesting systems can help in water conservation.
2119,suggestion,Planting more trees along roads can help reduce pollution.
2120,suggestion,Smart traffic management solutions should be implemented to reduce congestion.
2121,suggestion,Installing more CCTV cameras in public areas can improve safety.
2122,suggestion,Providing free Wi-Fi in public places would benefit students and professionals.
2123,suggestion,Government should introduce an online grievance redressal system for faster response.
2124,suggestion,Smart traffic management solutions should be implemented to reduce congestion.
2125,suggestion,Introducing e-buses would help in reducing pollution levels.
2126,suggestion,Creating dedicated cycling lanes would encourage eco-friendly transport.
2127,suggestion,Setting up rainwater harvesting systems can help in water conservation.
2128,suggestion,Introducing e-buses would help in reducing pollution levels.
2129,suggestion,Setting up rainwater harvesting systems can help in water conservation.
2130,suggestion,Government should introduce an online grievance redressal system for faster response.
2131,suggestion,Smart traffic management solutions should be implemented to reduce congestion.
2132,suggestion,Installing more CCTV cameras in public areas can improve safety.
2133,suggestion,Smart traffic management solutions should be implemented to reduce congestion.
2134,suggestion,Introducing e-buses would help in reducing pollution levels.
2135,suggestion,Installing more CCTV cameras in public areas can improve safety.
2136,suggestion,Planting more trees along roads can help reduce pollution.
2137,suggestion,Creating dedicated cycling lanes would encourage eco-friendly transport.
2138,suggestion,Planting more trees along roads can help reduce pollution.
2139,suggestion,Providing free Wi-Fi in public places would benefit students and professionals.
2140,suggestion,Developing mobile apps for municipal services would improve accessibility.
2141,suggestion,Developing mobile apps for municipal services would improve accessibility.
2142,suggestion,Government should introduce an online grievance redressal system for faster response.
2143,suggestion,Creating dedicated cycling lanes would encourage eco-friendly transport.
2144,suggestion,Creating dedicated cycling lanes would encourage eco-friendly transport.
2145,suggestion,Developing mobile apps for municipal services would improve accessibility.
2146,suggestion,Introducing e-buses would help in reducing pollution levels.
2147,suggestion,More green spaces and parks should be developed for recreational activities.
2148,suggestion,Providing free Wi-Fi in public places would benefit students and professionals.
2149,suggestion,Introducing e-buses would help in reducing pollution levels.
2150,suggestion,Planting more trees along roads can help reduce pollution.
2151,suggestion,Planting more trees along roads can help reduce pollution.
2152,suggestion,More green spaces and parks should be developed for recreational activities.
2153,suggestion,Setting up rainwater harvesting systems can help in water conservation.
2154,suggestion,Setting up rainwater harvesting systems can help in water conservation.
2155,suggestion,Planting more trees along roads can help reduce pollution.
2156,suggestion,Setting up rainwater harvesting systems can help in water conservation.
2157,suggestion,Installing more CCTV cameras in public areas can improve safety.
2158,suggestion,Creating dedicated cycling lanes would encourage eco-friendly transport.
2159,suggestion,Creating dedicated cycling lanes would encourage eco-friendly transport.
2160,suggestion,Creating dedicated cycling lanes would encourage eco-friendly transport.
2161,suggestion,More green spaces and parks should be developed for recreational activities.
2162,suggestion,Planting more trees along roads can help reduce pollution.
2163,suggestion,Setting up rainwater harvesting systems can help in water conservation.
2164,suggestion,Government should introduce an online grievance redressal system for faster response.
2165,suggestion,Smart traffic management solutions should be implemented to reduce congestion.
2166,suggestion,Government should introduce an online grievance redressal system for faster response.
2167,suggestion,Creating dedicated cycling lanes would encourage eco-friendly transport.
2168,suggestion,Planting more trees along roads can help reduce pollution.
2169,suggestion,Smart traffic management solutions should be implemented to reduce congestion.
2170,suggestion,Planting more trees along roads can help reduce pollution.
2171,suggestion,More green spaces and parks should be developed for recreational activities.
2172,suggestion,Setting up rainwater harvesting systems can help in water conservation.
2173,suggestion,Setting up rainwater harvesting systems can help in water conservation.
2174,suggestion,Developing mobile apps for municipal services would improve accessibility.
2175,suggestion,Developing mobile apps for municipal services would improve accessibility.
2176,suggestion,Government should introduce an online grievance redressal system for faster response.
2177,suggestion,Installing more CCTV cameras in public areas can improve safety.
2178,suggestion,Setting up rainwater harvesting systems can help in water conservation.
2179,suggestion,Smart traffic management solutions should be implemented to reduce congestion.
2180,suggestion,Setting up rainwater harvesting systems can help in water conservation.
2181,suggestion,Installing more CCTV cameras in public areas can improve safety.
2182,suggestion,Planting more trees along roads can help reduce pollution.
2183,suggestion,Creating dedicated cycling lanes would encourage eco-friendly transport.
2184,suggestion,Planting more trees along roads can help reduce pollution.
2185,suggestion,Setting up rainwater harvesting systems can help in water conservation.
2186,suggestion,Installing more CCTV cameras in public areas can improve safety.
2187,suggestion,Introducing e-buses would help in reducing pollution levels.
2188,suggestion,Introducing e-buses would help in reducing pollution levels.
2189,suggestion,Developing mobile apps for municipal services would improve accessibility.
2190,suggestion,More green spaces and parks should be developed for recreational activities.
2191,suggestion,More green spaces and parks should be developed for recreational activities.
2192,suggestion,Smart traffic management solutions should be implemented to reduce congestion.
2193,suggestion,Government should introduce an online grievance redressal system for faster response.
2194,suggestion,Smart traffic management solutions should be implemented to reduce congestion.
2195,suggestion,Developing mobile apps for municipal services would improve accessibility.
2196,suggestion,Providing free Wi-Fi in public places would benefit students and professionals.
2197,suggestion,Developing mobile apps for municipal services would improve accessibility.
2198,suggestion,Smart traffic management solutions should be implemented to reduce congestion.
2199,suggestion,Developing mobile apps for municipal services would improve accessibility.
2200,suggestion,Creating dedicated cycling lanes would encourage eco-friendly transport.
2201,suggestion,Developing mobile apps for municipal services would improve accessibility.
2202,suggestion,Providing free Wi-Fi in public places would benefit students and professionals.
2203,suggestion,Government should introduce an online grievance redressal system for faster response.
2204,suggestion,Introducing e-buses would help in reducing pollution levels.
2205,suggestion,Government should introduce an online grievance redressal system for faster response.
2206,suggestion,Installing more CCTV cameras in public areas can improve safety.
2207,suggestion,Installing more CCTV cameras in public areas can improve safety.
2208,suggestion,Smart traffic management solutions should be implemented to reduce congestion.
2209,suggestion,Government should introduce an online grievance redressal system for faster response.
2210,suggestion,Providing free Wi-Fi in public places would benefit students and professionals.
2211,suggestion,More green spaces and parks should be developed for recreational activities.
2212,suggestion,Government should introduce an online grievance redressal system for faster response.
2213,suggestion,Developing mobile apps for municipal services would improve accessibility.
2214,suggestion,Planting more trees along roads can help reduce pollution.
2215,suggestion,Setting up rainwater harvesting systems can help in water conservation.
2216,suggestion,Introducing e-buses would help in reducing pollution levels.
2217,suggestion,More green spaces and parks should be developed for recreational activities.
2218,suggestion,Creating dedicated cycling lanes would encourage eco-friendly transport.
2219,suggestion,Setting up rainwater harvesting systems can help in water conservation.
2220,suggestion,Installing more CCTV cameras in public areas can improve safety.
2221,suggestion,Setting up rainwater harvesting systems can help in water conservation.
2222,suggestion,Setting up rainwater harvesting systems can help in water conservation.
2223,suggestion,Setting up rainwater harvesting systems can help in water conservation.
2224,suggestion,Providing free Wi-Fi in public places would benefit students and professionals.
2225,suggestion,Creating dedicated cycling lanes would encourage eco-friendly transport.
2226,suggestion,Smart traffic management solutions should be implemented to reduce congestion.
2227,suggestion,Installing more CCTV cameras in public areas can improve safety.
2228,suggestion,Providing free Wi-Fi in public places would benefit students and professionals.
2229,suggestion,Creating dedicated cycling lanes would encourage eco-friendly transport.
2230,suggestion,Providing free Wi-Fi in public places would benefit students and professionals.
2231,suggestion,More green spaces and parks should be developed for recreational activities.
2232,suggestion,Developing mobile apps for municipal services would improve accessibility.
2233,suggestion,More green spaces and parks should be developed for recreational activities.
2234,suggestion,Creating dedicated cycling lanes would encourage eco-friendly transport.
2235,suggestion,Developing mobile apps for municipal services would improve accessibility.
2236,suggestion,Developing mobile apps for municipal services would improve accessibility.
2237,suggestion,Providing free Wi-Fi in public places would benefit students and professionals.
2238,suggestion,Creating dedicated cycling lanes would encourage eco-friendly transport.
2239,suggestion,Providing free Wi-Fi in public places would benefit students and professionals.
2240,suggestion,Setting up rainwater harvesting systems can help in water conservation.
2241,suggestion,Providing free Wi-Fi in public places would benefit students and professionals.
2242,suggestion,Smart traffic management solutions should be implemented to reduce congestion.
2243,suggestion,Installing more CCTV cameras in public areas can improve safety.
2244,suggestion,More green spaces and parks should be developed for recreational activities.
2245,suggestion,Introducing e-buses would help in reducing pollution levels.
2246,suggestion,Introducing e-buses would help in reducing pollution levels.
2247,suggestion,Installing more CCTV cameras in public areas can improve safety.
2248,suggestion,More green spaces and parks should be developed for recreational activities.
2249,suggestion,Introducing e-buses would help in reducing pollution levels.
2250,suggestion,Introducing e-buses would help in reducing pollution levels.
2251,suggestion,Government should introduce an online grievance redressal system for faster response.
2252,suggestion,Providing free Wi-Fi in public places would benefit students and professionals.
2253,suggestion,Government should introduce an online grievance redressal system for faster response.
2254,suggestion,Planting more trees along roads can help reduce pollution.
2255,suggestion,Developing mobile apps for municipal services would improve accessibility.
2256,suggestion,Introducing e-buses would help in reducing pollution levels.
2257,suggestion,Planting more trees along roads can help reduce pollution.
2258,suggestion,Creating dedicated cycling lanes would encourage eco-friendly transport.
2259,suggestion,Installing more CCTV cameras in public areas can improve safety.
2260,suggestion,Providing free Wi-Fi in public places would benefit students and professionals.
2261,suggestion,Creating dedicated cycling lanes would encourage eco-friendly transport.
2262,suggestion,Setting up rainwater harvesting systems can help in water conservation.
2263,suggestion,Setting up rainwater harvesting systems can help in water conservation.
2264,suggestion,More green spaces and parks should be developed for recreational activities.
2265,suggestion,Government should introduce an online grievance redressal system for faster response.
2266,suggestion,Planting more trees along roads can help reduce pollution.
2267,suggestion,Developing mobile apps for municipal services would improve accessibility.
2268,suggestion,Creating dedicated cycling lanes would encourage eco-friendly transport.
2269,suggestion,Government should introduce an online grievance redressal system for faster response.
2270,suggestion,Introducing e-buses would help in reducing pollution levels.
2271,suggestion,Creating dedicated cycling lanes would encourage eco-friendly transport.
2272,suggestion,Planting more trees along roads can help reduce pollution.
2273,suggestion,More green spaces and parks should be developed for recreational activities.
2274,suggestion,Setting up rainwater harvesting systems can help in water conservation.
2275,suggestion,Planting more trees along roads can help reduce pollution.
2276,suggestion,More green spaces and parks should be developed for recreational activities.
2277,suggestion,Creating dedicated cycling lanes would encourage eco-friendly transport.
2278,suggestion,Introducing e-buses would help in reducing pollution levels.
2279,suggestion,Creating dedicated cycling lanes would encourage eco-friendly transport.
2280,suggestion,Creating dedicated cycling lanes would encourage eco-friendly transport.
2281,suggestion,Installing more CCTV cameras in public areas can improve safety.
2282,suggestion,Smart traffic management solutions should be implemented to reduce congestion.
2283,suggestion,Introducing e-buses would help in reducing pollution levels.
2284,suggestion,Planting more trees along roads can help reduce pollution.
2285,suggestion,Installing more CCTV cameras in public areas can improve safety.
2286,suggestion,Smart traffic management solutions should be implemented to reduce congestion.
2287,suggestion,Introducing e-buses would help in reducing pollution levels.
2288,suggestion,Smart traffic management solutions should be implemented to reduce congestion.
2289,suggestion,Developing mobile apps for municipal services would improve accessibility.
2290,suggestion,Creating dedicated cycling lanes would encourage eco-friendly transport.
2291,suggestion,Smart traffic management solutions should be implemented to reduce congestion.
2292,suggestion,Developing mobile apps for municipal services would improve accessibility.
2293,suggestion,More green spaces and parks should be developed for recreational activities.
2294,suggestion,More green spaces and parks should be developed for recreational activities.
2295,suggestion,Creating dedicated cycling lanes would encourage eco-friendly transport.
2296,suggestion,Developing mobile apps for municipal services would improve accessibility.
2297,suggestion,Providing free Wi-Fi in public places would benefit students and professionals.
2298,suggestion,Installing more CCTV cameras in public areas can improve safety.
2299,suggestion,Creating dedicated cycling lanes would encourage eco-friendly transport.
2300,suggestion,Planting more trees along roads can help reduce pollution.
2301,suggestion,Smart traffic management solutions should be implemented to reduce congestion.
2302,suggestion,Planting more trees along roads can help reduce pollution.
2303,suggestion,More green spaces and parks should be developed for recreational activities.
2304,suggestion,Providing free Wi-Fi in public places would benefit students and professionals.
2305,suggestion,Developing mobile apps for municipal services would improve accessibility.
2306,suggestion,Government should introduce an online grievance redressal system for faster response.
2307,suggestion,Government should introduce an online grievance redressal system for faster response.
2308,suggestion,Creating dedicated cycling lanes would encourage eco-friendly transport.
2309,suggestion,Planting more trees along roads can help reduce pollution.
2310,suggestion,Providing free Wi-Fi in public places would benefit students and professionals.
2311,suggestion,Introducing e-buses would help in reducing pollution levels.
2312,suggestion,Planting more trees along roads can help reduce pollution.
2313,suggestion,Developing mobile apps for municipal services would improve accessibility.
2314,suggestion,Planting more trees along roads can help reduce pollution.
2315,suggestion,Introducing e-buses would help in reducing pollution levels.
2316,suggestion,Setting up rainwater harvesting systems can help in water conservation.
2317,suggestion,Government should introduce an online grievance redressal system for faster response.
2318,suggestion,Setting up rainwater harvesting systems can help in water conservation.
2319,suggestion,Smart traffic management solutions should be implemented to reduce congestion.
2320,suggestion,Introducing e-buses would help in reducing pollution levels.
2321,suggestion,More green spaces and parks should be developed for recreational activities.
2322,suggestion,Installing more CCTV cameras in public areas can improve safety.
2323,suggestion,Installing more CCTV cameras in public areas can improve safety.
2324,suggestion,Smart traffic management solutions should be implemented to reduce congestion.
2325,suggestion,Installing more CCTV cameras in public areas can improve safety.
2326,suggestion,More green spaces and parks should be developed for recreational activities.
2327,suggestion,Government should introduce an online grievance redressal system for faster response.
2328,suggestion,Smart traffic management solutions should be implemented to reduce congestion.
2329,suggestion,More green spaces and parks should be developed for recreational activities.
2330,suggestion,Installing more CCTV cameras in public areas can improve safety.
2331,suggestion,Introducing e-buses would help in reducing pollution levels.
2332,suggestion,Developing mobile apps for municipal services would improve accessibility.
2333,suggestion,Installing more CCTV cameras in public areas can improve safety.
2334,suggestion,Creating dedicated cycling lanes would encourage eco-friendly transport.
2335,suggestion,Smart traffic management solutions should be implemented to reduce congestion.
2336,suggestion,Government should introduce an online grievance redressal system for faster response.
2337,suggestion,Setting up rainwater harvesting systems can help in water conservation.
2338,suggestion,Setting up rainwater harvesting systems can help in water conservation.
2339,suggestion,Setting up rainwater harvesting systems can help in water conservation.
2340,suggestion,Setting up rainwater harvesting systems can help in water conservation.
2341,suggestion,Government should introduce an online grievance redressal system for faster response.
2342,suggestion,Creating dedicated cycling lanes would encourage eco-friendly transport.
2343,suggestion,Installing more CCTV cameras in public areas can improve safety.
2344,suggestion,Smart traffic management solutions should be implemented to reduce congestion.
2345,suggestion,Installing more CCTV cameras in public areas can improve safety.
2346,suggestion,Setting up rainwater harvesting systems can help in water conservation.
2347,suggestion,Creating dedicated cycling lanes would encourage eco-friendly transport.
2348,suggestion,Setting up rainwater harvesting systems can help in water conservation.
2349,suggestion,Introducing e-buses would help in reducing pollution levels.
2350,suggestion,Setting up rainwater harvesting systems can help in water conservation.
2351,suggestion,Providing free Wi-Fi in public places would benefit students and professionals.
2352,suggestion,Setting up rainwater harvesting systems can help in water conservation.
2353,suggestion,Setting up rainwater harvesting systems can help in water conservation.
2354,suggestion,Setting up rainwater harvesting systems can help in water conservation.
2355,suggestion,Introducing e-buses would help in reducing pollution levels.
2356,suggestion,Government should introduce an online grievance redressal system for faster response.
2357,suggestion,More green spaces and parks should be developed for recreational activities.
2358,suggestion,More green spaces and parks should be developed for recreational activities.
2359,suggestion,Creating dedicated cycling lanes would encourage eco-friendly transport.
2360,suggestion,Developing mobile apps for municipal services would improve accessibility.
2361,suggestion,Planting more trees along roads can help reduce pollution.
2362,suggestion,Developing mobile apps for municipal services would improve accessibility.
2363,suggestion,Government should introduce an online grievance redressal system for faster response.
2364,suggestion,Installing more CCTV cameras in public areas can improve safety.
2365,suggestion,More green spaces and parks should be developed for recreational activities.
2366,suggestion,Government should introduce an online grievance redressal system for faster response.
2367,suggestion,Providing free Wi-Fi in public places would benefit students and professionals.
2368,suggestion,Planting more trees along roads can help reduce pollution.
2369,suggestion,Setting up rainwater harvesting systems can help in water conservation.
2370,suggestion,Government should introduce an online grievance redressal system for faster response.
2371,suggestion,More green spaces and parks should be developed for recreational activities.
2372,suggestion,Installing more CCTV cameras in public areas can improve safety.
2373,suggestion,Installing more CCTV cameras in public areas can improve safety.
2374,suggestion,Planting more trees along roads can help reduce pollution.
2375,suggestion,Creating dedicated cycling lanes would encourage eco-friendly transport.
2376,suggestion,Providing free Wi-Fi in public places would benefit students and professionals.
2377,suggestion,Creating dedicated cycling lanes would encourage eco-friendly transport.
2378,suggestion,Introducing e-buses would help in reducing pollution levels.
2379,suggestion,Installing more CCTV cameras in public areas can improve safety.
2380,suggestion,Creating dedicated cycling lanes would encourage eco-friendly transport.
2381,suggestion,Government should introduce an online grievance redressal system for faster response.
2382,suggestion,Installing more CCTV cameras in public areas can improve safety.
2383,suggestion,Installing more CCTV cameras in public areas can improve safety.
2384,suggestion,Government should introduce an online grievance redressal system for faster response.
2385,suggestion,Planting more trees along roads can help reduce pollution.
2386,suggestion,Setting up rainwater harvesting systems can help in water conservation.
2387,suggestion,Government should introduce an online grievance redressal system for faster response.
2388,suggestion,Smart traffic management solutions should be implemented to reduce congestion.
2389,suggestion,Creating dedicated cycling lanes would encourage eco-friendly transport.
2390,suggestion,Government should introduce an online grievance redressal system for faster response.
2391,suggestion,Introducing e-buses would help in reducing pollution levels.
2392,suggestion,Planting more trees along roads can help reduce pollution.
2393,suggestion,Introducing e-buses would help in reducing pollution levels.
2394,suggestion,Government should introduce an online grievance redressal system for faster response.
2395,suggestion,Planting more trees along roads can help reduce pollution.
2396,suggestion,Setting up rainwater harvesting systems can help in water conservation.
2397,suggestion,Introducing e-buses would help in reducing pollution levels.
2398,suggestion,Government should introduce an online grievance redressal system for faster response.
2399,suggestion,Planting more trees along roads can help reduce pollution.
2400,suggestion,Planting more trees along roads can help reduce pollution.
2401,suggestion,Introducing e-buses would help in reducing pollution levels.
2402,suggestion,Creating dedicated cycling lanes would encourage eco-friendly transport.
2403,suggestion,Developing mobile apps for municipal services would improve accessibility.
2404,suggestion,Setting up rainwater harvesting systems can help in water conservation.
2405,suggestion,More green spaces and parks should be developed for recreational activities.
2406,suggestion,Government should introduce an online grievance redressal system for faster response.
2407,suggestion,Introducing e-buses would help in reducing pollution levels.
2408,suggestion,Smart traffic management solutions should be implemented to reduce congestion.
2409,suggestion,Government should introduce an online grievance redressal system for faster response.
2410,suggestion,Government should introduce an online grievance redressal system for faster response.
2411,suggestion,Providing free Wi-Fi in public places would benefit students and professionals.
2412,suggestion,Installing more CCTV cameras in public areas can improve safety.
2413,suggestion,More green spaces and parks should be developed for recreational activities.
2414,suggestion,Government should introduce an online grievance redressal system for faster response.
2415,suggestion,Developing mobile apps for municipal services would improve accessibility.
2416,suggestion,Government should introduce an online grievance redressal system for faster response.
2417,suggestion,Government should introduce an online grievance redressal system for faster response.
2418,suggestion,Introducing e-buses would help in reducing pollution levels.
2419,suggestion,More green spaces and parks should be developed for recreational activities.
2420,suggestion,Smart traffic management solutions should be implemented to reduce congestion.
2421,suggestion,Smart traffic management solutions should be implemented to reduce congestion.
2422,suggestion,Providing free Wi-Fi in public places would benefit students and professionals.
2423,suggestion,More green spaces and parks should be developed for recreational activities.
2424,suggestion,Creating dedicated cycling lanes would encourage eco-friendly transport.
2425,suggestion,Providing free Wi-Fi in public places would benefit students and professionals.
2426,suggestion,Government should introduce an online grievance redressal system for faster response.
2427,suggestion,Developing mobile apps for municipal services would improve accessibility.
2428,suggestion,Smart traffic management solutions should be implemented to reduce congestion.
2429,suggestion,Introducing e-buses would help in reducing pollution levels.
2430,suggestion,Setting up rainwater harvesting systems can help in water conservation.
2431,suggestion,Introducing e-buses would help in reducing pollution levels.
2432,suggestion,Developing mobile apps for municipal services would improve accessibility.
2433,suggestion,Setting up rainwater harvesting systems can help in water conservation.
2434,suggestion,Smart traffic management solutions should be implemented to reduce congestion.
2435,suggestion,Creating dedicated cycling lanes would encourage eco-friendly transport.
2436,suggestion,Developing mobile apps for municipal services would improve accessibility.
2437,suggestion,Planting more trees along roads can help reduce pollution.
2438,suggestion,Installing more CCTV cameras in public areas can improve safety.
2439,suggestion,Providing free Wi-Fi in public places would benefit students and professionals.
2440,suggestion,Smart traffic management solutions should be implemented to reduce congestion.
2441,suggestion,Developing mobile apps for municipal services would improve accessibility.
2442,suggestion,Smart traffic management solutions should be implemented to reduce congestion.
2443,suggestion,Government should introduce an online grievance redressal system for faster response.
2444,suggestion,Government should introduce an online grievance redressal system for faster response.
2445,suggestion,Creating dedicated cycling lanes would encourage eco-friendly transport.
2446,suggestion,Introducing e-buses would help in reducing pollution levels.
2447,suggestion,Installing more CCTV cameras in public areas can improve safety.
2448,suggestion,Providing free Wi-Fi in public places would benefit students and professionals.
2449,suggestion,Smart traffic management solutions should be implemented to reduce congestion.
2450,suggestion,Introducing e-buses would help in reducing pollution levels.
2451,suggestion,Developing mobile apps for municipal services would improve accessibility.
2452,suggestion,More green spaces and parks should be developed for recreational activities.
2453,suggestion,Setting up rainwater harvesting systems can help in water conservation.
2454,suggestion,Developing mobile apps for municipal services would improve accessibility.
2455,suggestion,Providing free Wi-Fi in public places would benefit students and professionals.
2456,suggestion,Installing more CCTV cameras in public areas can improve safety.
2457,suggestion,Smart traffic management solutions should be implemented to reduce congestion.
2458,suggestion,More green spaces and parks should be developed for recreational activities.
2459,suggestion,Planting more trees along roads can help reduce pollution.
2460,suggestion,Developing mobile apps for municipal services would improve accessibility.
2461,suggestion,Smart traffic management solutions should be implemented to reduce congestion.
2462,suggestion,Setting up rainwater harvesting systems can help in water conservation.
2463,suggestion,Creating dedicated cycling lanes would encourage eco-friendly transport.
2464,suggestion,Smart traffic management solutions should be implemented to reduce congestion.
2465,suggestion,Creating dedicated cycling lanes would encourage eco-friendly transport.
2466,suggestion,Installing more CCTV cameras in public areas can improve safety.
2467,suggestion,Providing free Wi-Fi in public places would benefit students and professionals.
2468,suggestion,Installing more CCTV cameras in public areas can improve safety.
2469,suggestion,Smart traffic management solutions should be implemented to reduce congestion.
2470,suggestion,Installing more CCTV cameras in public areas can improve safety.
2471,suggestion,Government should introduce an online grievance redressal system for faster response.
2472,suggestion,More green spaces and parks should be developed for recreational activities.
2473,suggestion,Developing mobile apps for municipal services would improve accessibility.
2474,suggestion,Providing free Wi-Fi in public places would benefit students and professionals.
2475,suggestion,Smart traffic management solutions should be implemented to reduce congestion.
2476,suggestion,Installing more CCTV cameras in public areas can improve safety.
2477,suggestion,Providing free Wi-Fi in public places would benefit students and professionals.
2478,suggestion,Government should introduce an online grievance redressal system for faster response.
2479,suggestion,Planting more trees along roads can help reduce pollution.
2480,suggestion,Introducing e-buses would help in reducing pollution levels.
2481,suggestion,Setting up rainwater harvesting systems can help in water conservation.
2482,suggestion,More green spaces and parks should be developed for recreational activities.
2483,suggestion,Introducing e-buses would help in reducing pollution levels.
2484,suggestion,Planting more trees along roads can help reduce pollution.
2485,suggestion,Introducing e-buses would help in reducing pollution levels.
2486,suggestion,Government should introduce an online grievance redressal system for faster response.
2487,suggestion,Introducing e-buses would help in reducing pollution levels.
2488,suggestion,Smart traffic management solutions should be implemented to reduce congestion.
2489,suggestion,Installing more CCTV cameras in public areas can improve safety.
2490,suggestion,Developing mobile apps for municipal services would improve accessibility.
2491,suggestion,Installing more CCTV cameras in public areas can improve safety.
2492,suggestion,Smart traffic management solutions should be implemented to reduce congestion.
2493,suggestion,Introducing e-buses would help in reducing pollution levels.
2494,suggestion,Smart traffic management solutions should be implemented to reduce congestion.
2495,suggestion,Setting up rainwater harvesting systems can help in water conservation.
2496,suggestion,Planting more trees along roads can help reduce pollution.
2497,suggestion,Government should introduce an online grievance redressal system for faster response.
2498,suggestion,Installing more CCTV cameras in public areas can improve safety.
2499,suggestion,More green spaces and parks should be developed for recreational activities.
2500,suggestion,Creating dedicated cycling lanes would encourage eco-friendly transport.
2501,inquiry,How can I avail of the senior citizen benefits offered by the government?
2502,inquiry,What are the eligibility criteria for a government housing scheme?
2503,inquiry,How do I register for a new voter ID?
2504,inquiry,What are the eligibility criteria for a government housing scheme?
2505,inquiry,Where can I find information about upcoming government tenders?
2506,inquiry,Where can I register a complaint about poor road conditions?
2507,inquiry,How can I avail of the senior citizen benefits offered by the government?
2508,inquiry,Where can I register a complaint about poor road conditions?
2509,inquiry,What is the procedure to get a birth certificate reissued?
2510,inquiry,Where can I apply for a driving license online in my state?
2511,inquiry,What is the procedure to get a birth certificate reissued?
2512,inquiry,What is the process to change my address on my Aadhaar card?
2513,inquiry,What documents are required to apply for a ration card?
2514,inquiry,What are the eligibility criteria for a government housing scheme?
2515,inquiry,Where can I register a complaint about poor road conditions?
2516,inquiry,What documents are required to apply for a ration card?
2517,inquiry,How do I register for a new voter ID?
2518,inquiry,What is the procedure to get a birth certificate reissued?
2519,inquiry,Where can I find information about upcoming government tenders?
2520,inquiry,What is the process to change my address on my Aadhaar card?
2521,inquiry,Where can I apply for a driving license online in my state?
2522,inquiry,How can I avail of the senior citizen benefits offered by the government?
2523,inquiry,Where can I find information about upcoming government tenders?
2524,inquiry,Where can I register a complaint about poor road conditions?
2525,inquiry,What documents are required to apply for a ration card?
2526,inquiry,Where can I register a complaint about poor road conditions?
2527,inquiry,Where can I find information about upcoming government tenders?
2528,inquiry,How can I avail of the senior citizen benefits offered by the government?
2529,inquiry,Where can I register a complaint about poor road conditions?
2530,inquiry,What is the process to change my address on my Aadhaar card?
2531,inquiry,How can I check the status of my income tax refund?
2532,inquiry,What are the eligibility criteria for a government housing scheme?
2533,inquiry,What is the process to change my address on my Aadhaar card?
2534,inquiry,What is the process to change my address on my Aadhaar card?
2535,inquiry,How do I register for a new voter ID?
2536,inquiry,Where can I find information about upcoming government tenders?
2537,inquiry,What documents are required to apply for a ration card?
2538,inquiry,How can I check the status of my income tax refund?
2539,inquiry,What documents are required to apply for a ration card?
2540,inquiry,What is the process to change my address on my Aadhaar card?
2541,inquiry,What is the procedure to get a birth certificate reissued?
2542,inquiry,What is the process to change my address on my Aadhaar card?
2543,inquiry,How can I check the status of my income tax refund?
2544,inquiry,What is the process to change my address on my Aadhaar card?
2545,inquiry,How can I check the status of my income tax refund?
2546,inquiry,What documents are required to apply for a ration card?
2547,inquiry,What are the eligibility criteria for a government housing scheme?
2548,inquiry,Where can I find information about upcoming government tenders?
2549,inquiry,How can I check the status of my income tax refund?
2550,inquiry,How do I register for a new voter ID?
2551,inquiry,What documents are required to apply for a ration card?
2552,inquiry,How do I register for a new voter ID?
2553,inquiry,What are the eligibility criteria for a government housing scheme?
2554,inquiry,What is the process to change my address on my Aadhaar card?
2555,inquiry,How do I register for a new voter ID?
2556,inquiry,Where can I apply for a driving license online in my state?
2557,inquiry,What are the eligibility criteria for a government housing scheme?
2558,inquiry,Where can I register a complaint about poor road conditions?
2559,inquiry,How can I avail of the senior citizen benefits offered by the government?
2560,inquiry,What is the procedure to get a birth certificate reissued?
2561,inquiry,What is the process to change my address on my Aadhaar card?
2562,inquiry,How can I avail of the senior citizen benefits offered by the government?
2563,inquiry,What is the process to change my address on my Aadhaar card?
2564,inquiry,What documents are required to apply for a ration card?
2565,inquiry,What is the procedure to get a birth certificate reissued?
2566,inquiry,Where can I register a complaint about poor road conditions?
2567,inquiry,What are the eligibility criteria for a government housing scheme?
2568,inquiry,Where can I find information about upcoming government tenders?
2569,inquiry,How do I register for a new voter ID?
2570,inquiry,How can I check the status of my income tax refund?
2571,inquiry,What is the procedure to get a birth certificate reissued?
2572,inquiry,What are the eligibility criteria for a government housing scheme?
2573,inquiry,How do I register for a new voter ID?
2574,inquiry,How can I avail of the senior citizen benefits offered by the government?
2575,inquiry,How do I register for a new voter ID?
2576,inquiry,How can I check the status of my income tax refund?
2577,inquiry,Where can I apply for a driving license online in my state?
2578,inquiry,What documents are required to apply for a ration card?
2579,inquiry,Where can I register a complaint about poor road conditions?
2580,inquiry,How can I avail of the senior citizen benefits offered by the government?
2581,inquiry,What documents are required to apply for a ration card?
2582,inquiry,How can I check the status of my income tax refund?
2583,inquiry,What is the procedure to get a birth certificate reissued?
2584,inquiry,What are the eligibility criteria for a government housing scheme?
2585,inquiry,How can I avail of the senior citizen benefits offered by the government?
2586,inquiry,How do I register for a new voter ID?
2587,inquiry,Where can I register a complaint about poor road conditions?
2588,inquiry,What documents are required to apply for a ration card?
2589,inquiry,What documents are required to apply for a ration card?
2590,inquiry,What is the process to change my address on my Aadhaar card?
2591,inquiry,Where can I find information about upcoming government tenders?
2592,inquiry,How do I register for a new voter ID?
2593,inquiry,What are the eligibility criteria for a government housing scheme?
2594,inquiry,How do I register for a new voter ID?
2595,inquiry,How can I check the status of my income tax refund?
2596,inquiry,What is the process to change my address on my Aadhaar card?
2597,inquiry,Where can I apply for a driving license online in my state?
2598,inquiry,Where can I apply for a driving license online in my state?
2599,inquiry,What are the eligibility criteria for a government housing scheme?
2600,inquiry,Where can I register a complaint about poor road conditions?
2601,inquiry,Where can I register a complaint about poor road conditions?
2602,inquiry,How can I check the status of my income tax refund?
2603,inquiry,Where can I find information about upcoming government tenders?
2604,inquiry,Where can I register a complaint about poor road conditions?
2605,inquiry,What documents are required to apply for a ration card?
2606,inquiry,How do I register for a new voter ID?
2607,inquiry,What is the procedure to get a birth certificate reissued?
2608,inquiry,What documents are required to apply for a ration card?
2609,inquiry,Where can I apply for a driving license online in my state?
2610,inquiry,What is the procedure to get a birth certificate reissued?
2611,inquiry,What documents are required to apply for a ration card?
2612,inquiry,Where can I apply for a driving license online in my state?
2613,inquiry,What are the eligibility criteria for a government housing scheme?
2614,inquiry,How do I register for a new voter ID?
2615,inquiry,How can I avail of the senior citizen benefits offered by the government?
2616,inquiry,Where can I apply for a driving license online in my state?
2617,inquiry,Where can I find information about upcoming government tenders?
2618,inquiry,How can I check the status of my income tax refund?
2619,inquiry,How can I check the status of my income tax refund?
2620,inquiry,How can I avail of the senior citizen benefits offered by the government?
2621,inquiry,How do I register for a new voter ID?
2622,inquiry,Where can I apply for a driving license online in my state?
2623,inquiry,How can I avail of the senior citizen benefits offered by the government?
2624,inquiry,How can I check the status of my income tax refund?
2625,inquiry,Where can I find information about upcoming government tenders?
2626,inquiry,What are the eligibility criteria for a government housing scheme?
2627,inquiry,What documents are required to apply for a ration card?
2628,inquiry,What are the eligibility criteria for a government housing scheme?
2629,inquiry,How do I register for a new voter ID?
2630,inquiry,Where can I find information about upcoming government tenders?
2631,inquiry,What documents are required to apply for a ration card?
2632,inquiry,What are the eligibility criteria for a government housing scheme?
2633,inquiry,What is the process to change my address on my Aadhaar card?
2634,inquiry,Where can I register a complaint about poor road conditions?
2635,inquiry,How can I check the status of my income tax refund?
2636,inquiry,What is the process to change my address on my Aadhaar card?
2637,inquiry,What are the eligibility criteria for a government housing scheme?
2638,inquiry,Where can I register a complaint about poor road conditions?
2639,inquiry,Where can I register a complaint about poor road conditions?
2640,inquiry,What is the process to change my address on my Aadhaar card?
2641,inquiry,Where can I find information about upcoming government tenders?
2642,inquiry,What is the process to change my address on my Aadhaar card?
2643,inquiry,Where can I apply for a driving license online in my state?
2644,inquiry,Where can I apply for a driving license online in my state?
2645,inquiry,How do I register for a new voter ID?
2646,inquiry,What is the process to change my address on my Aadhaar card?
2647,inquiry,What are the eligibility criteria for a government housing scheme?
2648,inquiry,What are the eligibility criteria for a government housing scheme?
2649,inquiry,What is the procedure to get a birth certificate reissued?
2650,inquiry,Where can I find information about upcoming government tenders?
2651,inquiry,How do I register for a new voter ID?
2652,inquiry,What are the eligibility criteria for a government housing scheme?
2653,inquiry,What documents are required to apply for a ration card?
2654,inquiry,How can I avail of the senior citizen benefits offered by the government?
2655,inquiry,Where can I register a complaint about poor road conditions?
2656,inquiry,Where can I apply for a driving license online in my state?
2657,inquiry,How can I avail of the senior citizen benefits offered by the government?
2658,inquiry,Where can I apply for a driving license online in my state?
2659,inquiry,How can I avail of the senior citizen benefits offered by the government?
2660,inquiry,How can I check the status of my income tax refund?
2661,inquiry,Where can I register a complaint about poor road conditions?
2662,inquiry,How can I check the status of my income tax refund?
2663,inquiry,What is the procedure to get a birth certificate reissued?
2664,inquiry,How do I register for a new voter ID?
2665,inquiry,Where can I find information about upcoming government tenders?
2666,inquiry,Where can I register a complaint about poor road conditions?
2667,inquiry,Where can I find information about upcoming government tenders?
2668,inquiry,What documents are required to apply for a ration card?
2669,inquiry,Where can I apply for a driving license online in my state?
2670,inquiry,Where can I register a complaint about poor road conditions?
2671,inquiry,What documents are required to apply for a ration card?
2672,inquiry,What is the process to change my address on my Aadhaar card?
2673,inquiry,How can I check the status of my income tax refund?
2674,inquiry,Where can I find information about upcoming government tenders?
2675,inquiry,Where can I register a complaint about poor road conditions?
2676,inquiry,What documents are required to apply for a ration card?
2677,inquiry,What documents are required to apply for a ration card?
2678,inquiry,What is the process to change my address on my Aadhaar card?
2679,inquiry,How can I check the status of my income tax refund?
2680,inquiry,How do I register for a new voter ID?
2681,inquiry,Where can I find information about upcoming government tenders?
2682,inquiry,How can I avail of the senior citizen benefits offered by the government?
2683,inquiry,How can I check the status of my income tax refund?
2684,inquiry,What documents are required to apply for a ration card?
2685,inquiry,How do I register for a new voter ID?
2686,inquiry,How can I check the status of my income tax refund?
2687,inquiry,What is the procedure to get a birth certificate reissued?
2688,inquiry,Where can I register a complaint about poor road conditions?
2689,inquiry,What is the procedure to get a birth certificate reissued?
2690,inquiry,What is the process to change my address on my Aadhaar card?
2691,inquiry,What is the procedure to get a birth certificate reissued?
2692,inquiry,Where can I find information about upcoming government tenders?
2693,inquiry,What are the eligibility criteria for a government housing scheme?
2694,inquiry,Where can I register a complaint about poor road conditions?
2695,inquiry,What are the eligibility criteria for a government housing scheme?
2696,inquiry,What are the eligibility criteria for a government housing scheme?
2697,inquiry,What are the eligibility criteria for a government housing scheme?
2698,inquiry,What are the eligibility criteria for a government housing scheme?
2699,inquiry,Where can I register a complaint about poor road conditions?
2700,inquiry,Where can I apply for a driving license online in my state?
2701,inquiry,Where can I apply for a driving license online in my state?
2702,inquiry,How can I check the status of my income tax refund?
2703,inquiry,What is the procedure to get a birth certificate reissued?
2704,inquiry,What documents are required to apply for a ration card?
2705,inquiry,Where can I register a complaint about poor road conditions?
2706,inquiry,Where can I apply for a driving license online in my state?
2707,inquiry,How do I register for a new voter ID?
2708,inquiry,What documents are required to apply for a ration card?
2709,inquiry,Where can I find information about upcoming government tenders?
2710,inquiry,Where can I register a complaint about poor road conditions?
2711,inquiry,Where can I register a complaint about poor road conditions?
2712,inquiry,How can I check the status of my income tax refund?
2713,inquiry,How can I avail of the senior citizen benefits offered by the government?
2714,inquiry,Where can I register a complaint about poor road conditions?
2715,inquiry,What is the procedure to get a birth certificate reissued?
2716,inquiry,What documents are required to apply for a ration card?
2717,inquiry,Where can I find information about upcoming government tenders?
2718,inquiry,Where can I register a complaint about poor road conditions?
2719,inquiry,How do I register for a new voter ID?
2720,inquiry,How do I register for a new voter ID?
2721,inquiry,What is the procedure to get a birth certificate reissued?
2722,inquiry,Where can I register a complaint about poor road conditions?
2723,inquiry,What documents are required to apply for a ration card?
2724,inquiry,Where can I register a complaint about poor road conditions?
2725,inquiry,How can I avail of the senior citizen benefits offered by the government?
2726,inquiry,Where can I apply for a driving license online in my state?
2727,inquiry,What documents are required to apply for a ration card?
2728,inquiry,What documents are required to apply for a ration card?
2729,inquiry,How do I register for a new voter ID?
2730,inquiry,Where can I apply for a driving license online in my state?
2731,inquiry,Where can I register a complaint about poor road conditions?
2732,inquiry,How do I register for a new voter ID?
2733,inquiry,What is the procedure to get a birth certificate reissued?
2734,inquiry,What are the eligibility criteria for a government housing scheme?
2735,inquiry,How can I check the status of my income tax refund?
2736,inquiry,Where can I find information about upcoming government tenders?
2737,inquiry,Where can I apply for a driving license online in my state?
2738,inquiry,Where can I register a complaint about poor road conditions?
2739,inquiry,What is the process to change my address on my Aadhaar card?
2740,inquiry,Where can I register a complaint about poor road conditions?
2741,inquiry,What documents are required to apply for a ration card?
2742,inquiry,How can I check the status of my income tax refund?
2743,inquiry,What are the eligibility criteria for a government housing scheme?
2744,inquiry,What documents are required to apply for a ration card?
2745,inquiry,How can I avail of the senior citizen benefits offered by the government?
2746,inquiry,What is the procedure to get a birth certificate reissued?
2747,inquiry,Where can I find information about upcoming government tenders?
2748,inquiry,How do I register for a new voter ID?
2749,inquiry,What is the process to change my address on my Aadhaar card?
2750,inquiry,How can I avail of the senior citizen benefits offered by the government?
2751,inquiry,How can I check the status of my income tax refund?
2752,inquiry,How can I avail of the senior citizen benefits offered by the government?
2753,inquiry,Where can I apply for a driving license online in my state?
2754,inquiry,Where can I apply for a driving license online in my state?
2755,inquiry,Where can I apply for a driving license online in my state?
2756,inquiry,Where can I find information about upcoming government tenders?
2757,inquiry,Where can I register a complaint about poor road conditions?
2758,inquiry,Where can I register a complaint about poor road conditions?
2759,inquiry,How do I register for a new voter ID?
2760,inquiry,Where can I register a complaint about poor road conditions?
2761,inquiry,What are the eligibility criteria for a government housing scheme?
2762,inquiry,What is the process to change my address on my Aadhaar card?
2763,inquiry,How can I avail of the senior citizen benefits offered by the government?
2764,inquiry,What are the eligibility criteria for a government housing scheme?
2765,inquiry,How can I avail of the senior citizen benefits offered by the government?
2766,inquiry,What is the process to change my address on my Aadhaar card?
2767,inquiry,What are the eligibility criteria for a government housing scheme?
2768,inquiry,Where can I register a complaint about poor road conditions?
2769,inquiry,What is the procedure to get a birth certificate reissued?
2770,inquiry,How can I check the status of my income tax refund?
2771,inquiry,What documents are required to apply for a ration card?
2772,inquiry,What are the eligibility criteria for a government housing scheme?
2773,inquiry,How can I avail of the senior citizen benefits offered by the government?
2774,inquiry,What documents are required to apply for a ration card?
2775,inquiry,Where can I find information about upcoming government tenders?
2776,inquiry,How can I check the status of my income tax refund?
2777,inquiry,How can I avail of the senior citizen benefits offered by the government?
2778,inquiry,What is the process to change my address on my Aadhaar card?
2779,inquiry,Where can I find information about upcoming government tenders?
2780,inquiry,Where can I register a complaint about poor road conditions?
2781,inquiry,What is the process to change my address on my Aadhaar card?
2782,inquiry,What is the process to change my address on my Aadhaar card?
2783,inquiry,What is the process to change my address on my Aadhaar card?
2784,inquiry,How do I register for a new voter ID?
2785,inquiry,What is the procedure to get a birth certificate reissued?
2786,inquiry,Where can I apply for a driving license online in my state?
2787,inquiry,What documents are required to apply for a ration card?
2788,inquiry,What is the procedure to get a birth certificate reissued?
2789,inquiry,What is the procedure to get a birth certificate reissued?
2790,inquiry,What are the eligibility criteria for a government housing scheme?
2791,inquiry,How can I check the status of my income tax refund?
2792,inquiry,Where can I apply for a driving license online in my state?
2793,inquiry,How do I register for a new voter ID?
2794,inquiry,What is the procedure to get a birth certificate reissued?
2795,inquiry,Where can I apply for a driving license online in my state?
2796,inquiry,What is the process to change my address on my Aadhaar card?
2797,inquiry,How do I register for a new voter ID?
2798,inquiry,How can I avail of the senior citizen benefits offered by the government?
2799,inquiry,Where can I find information about upcoming government tenders?
2800,inquiry,What are the eligibility criteria for a government housing scheme?
2801,inquiry,Where can I find information about upcoming government tenders?
2802,inquiry,What documents are required to apply for a ration card?
2803,inquiry,How can I check the status of my income tax refund?
2804,inquiry,How can I check the status of my income tax refund?
2805,inquiry,What is the procedure to get a birth certificate reissued?
2806,inquiry,What is the procedure to get a birth certificate reissued?
2807,inquiry,What documents are required to apply for a ration card?
2808,inquiry,What is the process to change my address on my Aadhaar card?
2809,inquiry,What is the procedure to get a birth certificate reissued?
2810,inquiry,How can I avail of the senior citizen benefits offered by the government?
2811,inquiry,How do I register for a new voter ID?
2812,inquiry,Where can I apply for a driving license online in my state?
2813,inquiry,Where can I register a complaint about poor road conditions?
2814,inquiry,What are the eligibility criteria for a government housing scheme?
2815,inquiry,How can I check the status of my income tax refund?
2816,inquiry,Where can I apply for a driving license online in my state?
2817,inquiry,How can I check the status of my income tax refund?
2818,inquiry,How do I register for a new voter ID?
2819,inquiry,What documents are required to apply for a ration card?
2820,inquiry,What are the eligibility criteria for a government housing scheme?
2821,inquiry,Where can I find information about upcoming government tenders?
2822,inquiry,How do I register for a new voter ID?
2823,inquiry,How can I check the status of my income tax refund?
2824,inquiry,Where can I register a complaint about poor road conditions?
2825,inquiry,What are the eligibility criteria for a government housing scheme?
2826,inquiry,What is the process to change my address on my Aadhaar card?
2827,inquiry,How do I register for a new voter ID?
2828,inquiry,Where can I apply for a driving license online in my state?
2829,inquiry,Where can I apply for a driving license online in my state?
2830,inquiry,Where can I register a complaint about poor road conditions?
2831,inquiry,Where can I register a complaint about poor road conditions?
2832,inquiry,How can I avail of the senior citizen benefits offered by the government?
2833,inquiry,What is the process to change my address on my Aadhaar card?
2834,inquiry,What documents are required to apply for a ration card?
2835,inquiry,What are the eligibility criteria for a government housing scheme?
2836,inquiry,How can I check the status of my income tax refund?
2837,inquiry,What documents are required to apply for a ration card?
2838,inquiry,What documents are required to apply for a ration card?
2839,inquiry,What is the procedure to get a birth certificate reissued?
2840,inquiry,How do I register for a new voter ID?
2841,inquiry,Where can I register a complaint about poor road conditions?
2842,inquiry,What is the procedure to get a birth certificate reissued?
2843,inquiry,Where can I find information about upcoming government tenders?
2844,inquiry,Where can I register a complaint about poor road conditions?
2845,inquiry,What are the eligibility criteria for a government housing scheme?
2846,inquiry,What is the procedure to get a birth certificate reissued?
2847,inquiry,How can I avail of the senior citizen benefits offered by the government?
2848,inquiry,Where can I find information about upcoming government tenders?
2849,inquiry,Where can I find information about upcoming government tenders?
2850,inquiry,What are the eligibility criteria for a government housing scheme?
2851,inquiry,How can I avail of the senior citizen benefits offered by the government?
2852,inquiry,Where can I find information about upcoming government tenders?
2853,inquiry,Where can I register a complaint about poor road conditions?
2854,inquiry,How do I register for a new voter ID?
2855,inquiry,What is the procedure to get a birth certificate reissued?
2856,inquiry,How can I avail of the senior citizen benefits offered by the government?
2857,inquiry,Where can I apply for a driving license online in my state?
2858,inquiry,Where can I register a complaint about poor road conditions?
2859,inquiry,Where can I register a complaint about poor road conditions?
2860,inquiry,Where can I register a complaint about poor road conditions?
2861,inquiry,What are the eligibility criteria for a government housing scheme?
2862,inquiry,What are the eligibility criteria for a government housing scheme?
2863,inquiry,What is the procedure to get a birth certificate reissued?
2864,inquiry,How can I avail of the senior citizen benefits offered by the government?
2865,inquiry,What is the procedure to get a birth certificate reissued?
2866,inquiry,Where can I apply for a driving license online in my state?
2867,inquiry,What is the process to change my address on my Aadhaar card?
2868,inquiry,How can I check the status of my income tax refund?
2869,inquiry,Where can I register a complaint about poor road conditions?
2870,inquiry,How do I register for a new voter ID?
2871,inquiry,What documents are required to apply for a ration card?
2872,inquiry,How do I register for a new voter ID?
2873,inquiry,Where can I register a complaint about poor road conditions?
2874,inquiry,Where can I apply for a driving license online in my state?
2875,inquiry,Where can I find information about upcoming government tenders?
2876,inquiry,What documents are required to apply for a ration card?
2877,inquiry,What documents are required to apply for a ration card?
2878,inquiry,How can I avail of the senior citizen benefits offered by the government?
2879,inquiry,What is the procedure to get a birth certificate reissued?
2880,inquiry,How do I register for a new voter ID?
2881,inquiry,Where can I find information about upcoming government tenders?
2882,inquiry,What is the procedure to get a birth certificate reissued?
2883,inquiry,How can I check the status of my income tax refund?
2884,inquiry,What is the procedure to get a birth certificate reissued?
2885,inquiry,Where can I register a complaint about poor road conditions?
2886,inquiry,What is the procedure to get a birth certificate reissued?
2887,inquiry,Where can I apply for a driving license online in my state?
2888,inquiry,How can I check the status of my income tax refund?
2889,inquiry,What are the eligibility criteria for a government housing scheme?
2890,inquiry,How can I avail of the senior citizen benefits offered by the government?
2891,inquiry,Where can I register a complaint about poor road conditions?
2892,inquiry,What documents are required to apply for a ration card?
2893,inquiry,How do I register for a new voter ID?
2894,inquiry,How do I register for a new voter ID?
2895,inquiry,Where can I find information about upcoming government tenders?
2896,inquiry,What is the procedure to get a birth certificate reissued?
2897,inquiry,What are the eligibility criteria for a government housing scheme?
2898,inquiry,How can I check the status of my income tax refund?
2899,inquiry,What are the eligibility criteria for a government housing scheme?
2900,inquiry,Where can I register a complaint about poor road conditions?
2901,inquiry,What documents are required to apply for a ration card?
2902,inquiry,What documents are required to apply for a ration card?
2903,inquiry,What is the process to change my address on my Aadhaar card?
2904,inquiry,How can I avail of the senior citizen benefits offered by the government?
2905,inquiry,Where can I find information about upcoming government tenders?
2906,inquiry,What is the process to change my address on my Aadhaar card?
2907,inquiry,How can I check the status of my income tax refund?
2908,inquiry,Where can I register a complaint about poor road conditions?
2909,inquiry,Where can I find information about upcoming government tenders?
2910,inquiry,What documents are required to apply for a ration card?
2911,inquiry,How can I check the status of my income tax refund?
2912,inquiry,Where can I find information about upcoming government tenders?
2913,inquiry,How can I avail of the senior citizen benefits offered by the government?
2914,inquiry,How do I register for a new voter ID?
2915,inquiry,Where can I find information about upcoming government tenders?
2916,inquiry,How do I register for a new voter ID?
2917,inquiry,Where can I register a complaint about poor road conditions?
2918,inquiry,Where can I apply for a driving license online in my state?
2919,inquiry,How do I register for a new voter ID?
2920,inquiry,Where can I apply for a driving license online in my state?
2921,inquiry,How can I check the status of my income tax refund?
2922,inquiry,What are the eligibility criteria for a government housing scheme?
2923,inquiry,Where can I register a complaint about poor road conditions?
2924,inquiry,What documents are required to apply for a ration card?
2925,inquiry,How can I avail of the senior citizen benefits offered by the government?
2926,inquiry,How do I register for a new voter ID?
2927,inquiry,What is the procedure to get a birth certificate reissued?
2928,inquiry,What are the eligibility criteria for a government housing scheme?
2929,inquiry,Where can I apply for a driving license online in my state?
2930,inquiry,What are the eligibility criteria for a government housing scheme?
2931,inquiry,What is the process to change my address on my Aadhaar card?
2932,inquiry,What is the procedure to get a birth certificate reissued?
2933,inquiry,What is the procedure to get a birth certificate reissued?
2934,inquiry,What documents are required to apply for a ration card?
2935,inquiry,What is the process to change my address on my Aadhaar card?
2936,inquiry,What is the procedure to get a birth certificate reissued?
2937,inquiry,What is the process to change my address on my Aadhaar card?
2938,inquiry,What are the eligibility criteria for a government housing scheme?
2939,inquiry,What documents are required to apply for a ration card?
2940,inquiry,How do I register for a new voter ID?
2941,inquiry,What is the procedure to get a birth certificate reissued?
2942,inquiry,How do I register for a new voter ID?
2943,inquiry,How can I avail of the senior citizen benefits offered by the government?
2944,inquiry,How can I check the status of my income tax refund?
2945,inquiry,What documents are required to apply for a ration card?
2946,inquiry,How do I register for a new voter ID?
2947,inquiry,Where can I find information about upcoming government tenders?
2948,inquiry,What is the procedure to get a birth certificate reissued?
2949,inquiry,What is the process to change my address on my Aadhaar card?
2950,inquiry,What are the eligibility criteria for a government housing scheme?
2951,inquiry,Where can I apply for a driving license online in my state?
2952,inquiry,Where can I register a complaint about poor road conditions?
2953,inquiry,What documents are required to apply for a ration card?
2954,inquiry,Where can I register a complaint about poor road conditions?
2955,inquiry,What is the process to change my address on my Aadhaar card?
2956,inquiry,What is the process to change my address on my Aadhaar card?
2957,inquiry,How can I avail of the senior citizen benefits offered by the government?
2958,inquiry,Where can I register a complaint about poor road conditions?
2959,inquiry,Where can I find information about upcoming government tenders?
2960,inquiry,How do I register for a new voter ID?
2961,inquiry,What is the procedure to get a birth certificate reissued?
2962,inquiry,How can I check the status of my income tax refund?
2963,inquiry,Where can I register a complaint about poor road conditions?
2964,inquiry,How can I avail of the senior citizen benefits offered by the government?
2965,inquiry,What documents are required to apply for a ration card?
2966,inquiry,How can I check the status of my income tax refund?
2967,inquiry,What is the procedure to get a birth certificate reissued?
2968,inquiry,What is the process to change my address on my Aadhaar card?
2969,inquiry,What are the eligibility criteria for a government housing scheme?
2970,inquiry,Where can I find information about upcoming government tenders?
2971,inquiry,How can I avail of the senior citizen benefits offered by the government?
2972,inquiry,What are the eligibility criteria for a government housing scheme?
2973,inquiry,Where can I apply for a driving license online in my state?
2974,inquiry,Where can I apply for a driving license online in my state?
2975,inquiry,Where can I apply for a driving license online in my state?
2976,inquiry,How can I avail of the senior citizen benefits offered by the government?
2977,inquiry,What are the eligibility criteria for a government housing scheme?
2978,inquiry,Where can I find information about upcoming government tenders?
2979,inquiry,What documents are required to apply for a ration card?
2980,inquiry,What are the eligibility criteria for a government housing scheme?
2981,inquiry,Where can I find information about upcoming government tenders?
2982,inquiry,How can I avail of the senior citizen benefits offered by the government?
2983,inquiry,What are the eligibility criteria for a government housing scheme?
2984,inquiry,How do I register for a new voter ID?
2985,inquiry,Where can I find information about upcoming government tenders?
2986,inquiry,How can I avail of the senior citizen benefits offered by the government?
2987,inquiry,What documents are required to apply for a ration card?
2988,inquiry,What documents are required to apply for a ration card?
2989,inquiry,What documents are required to apply for a ration card?
2990,inquiry,How do I register for a new voter ID?
2991,inquiry,How can I check the status of my income tax refund?
2992,inquiry,What is the process to change my address on my Aadhaar card?
2993,inquiry,Where can I apply for a driving license online in my state?
2994,inquiry,What is the process to change my address on my Aadhaar card?
2995,inquiry,What are the eligibility criteria for a government housing scheme?
2996,inquiry,What are the eligibility criteria for a government housing scheme?
2997,inquiry,What are the eligibility criteria for a government housing scheme?
2998,inquiry,What is the procedure to get a birth certificate reissued?
2999,inquiry,How can I check the status of my income tax refund?
3000,inquiry,Where can I apply for a driving license online in my state?
3001,inquiry,What are the eligibility criteria for a government housing scheme?
3002,inquiry,How do I register for a new voter ID?
3003,inquiry,Where can I find information about upcoming government tenders?
3004,inquiry,How can I avail of the senior citizen benefits offered by the government?
3005,inquiry,Where can I find information about upcoming government tenders?
3006,inquiry,Where can I find information about upcoming government tenders?
3007,inquiry,What is the procedure to get a birth certificate reissued?
3008,inquiry,Where can I find information about upcoming government tenders?
3009,inquiry,What are the eligibility criteria for a government housing scheme?
3010,inquiry,What is the procedure to get a birth certificate reissued?
3011,inquiry,How do I register for a new voter ID?
3012,inquiry,How can I check the status of my income tax refund?
3013,inquiry,What is the procedure to get a birth certificate reissued?
3014,inquiry,What is the process to change my address on my Aadhaar card?
3015,inquiry,What are the eligibility criteria for a government housing scheme?
3016,inquiry,Where can I apply for a driving license online in my state?
3017,inquiry,How can I check the status of my income tax refund?
3018,inquiry,What is the process to change my address on my Aadhaar card?
3019,inquiry,How can I check the status of my income tax refund?
3020,inquiry,Where can I register a complaint about poor road conditions?
3021,inquiry,What is the process to change my address on my Aadhaar card?
3022,inquiry,What is the procedure to get a birth certificate reissued?
3023,inquiry,How can I check the status of my income tax refund?
3024,inquiry,What is the procedure to get a birth certificate reissued?
3025,inquiry,What documents are required to apply for a ration card?
3026,inquiry,What is the procedure to get a birth certificate reissued?
3027,inquiry,What are the eligibility criteria for a government housing scheme?
3028,inquiry,Where can I register a complaint about poor road conditions?
3029,inquiry,Where can I apply for a driving license online in my state?
3030,inquiry,What are the eligibility criteria for a government housing scheme?
3031,inquiry,How do I register for a new voter ID?
3032,inquiry,Where can I register a complaint about poor road conditions?
3033,inquiry,Where can I register a complaint about poor road conditions?
3034,inquiry,Where can I register a complaint about poor road conditions?
3035,inquiry,Where can I find information about upcoming government tenders?
3036,inquiry,What documents are required to apply for a ration card?
3037,inquiry,How can I check the status of my income tax refund?
3038,inquiry,What is the procedure to get a birth certificate reissued?
3039,inquiry,Where can I apply for a driving license online in my state?
3040,inquiry,Where can I register a complaint about poor road conditions?
3041,inquiry,What is the procedure to get a birth certificate reissued?
3042,inquiry,Where can I apply for a driving license online in my state?
3043,inquiry,Where can I register a complaint about poor road conditions?
3044,inquiry,How do I register for a new voter ID?
3045,inquiry,How do I register for a new voter ID?
3046,inquiry,What is the process to change my address on my Aadhaar card?
3047,inquiry,What is the process to change my address on my Aadhaar card?
3048,inquiry,What is the procedure to get a birth certificate reissued?
3049,inquiry,How can I avail of the senior citizen benefits offered by the government?
3050,inquiry,What is the procedure to get a birth certificate reissued?
3051,inquiry,What is the process to change my address on my Aadhaar card?
3052,inquiry,How do I register for a new voter ID?
3053,inquiry,Where can I find information about upcoming government tenders?
3054,inquiry,What is the process to change my address on my Aadhaar card?
3055,inquiry,How can I check the status of my income tax refund?
3056,inquiry,Where can I register a complaint about poor road conditions?
3057,inquiry,What documents are required to apply for a ration card?
3058,inquiry,Where can I find information about upcoming government tenders?
3059,inquiry,Where can I apply for a driving license online in my state?
3060,inquiry,How can I avail of the senior citizen benefits offered by the government?
3061,inquiry,What is the process to change my address on my Aadhaar card?
3062,inquiry,What is the process to change my address on my Aadhaar card?
3063,inquiry,Where can I register a complaint about poor road conditions?
3064,inquiry,How can I avail of the senior citizen benefits offered by the government?
3065,inquiry,What are the eligibility criteria for a government housing scheme?
3066,inquiry,What is the procedure to get a birth certificate reissued?
3067,inquiry,Where can I apply for a driving license online in my state?
3068,inquiry,How can I check the status of my income tax refund?
3069,inquiry,What is the process to change my address on my Aadhaar card?
3070,inquiry,How can I check the status of my income tax refund?
3071,inquiry,What is the process to change my address on my Aadhaar card?
3072,inquiry,How can I check the status of my income tax refund?
3073,inquiry,How can I check the status of my income tax refund?
3074,inquiry,What documents are required to apply for a ration card?
3075,inquiry,How can I check the status of my income tax refund?
3076,inquiry,How do I register for a new voter ID?
3077,inquiry,Where can I find information about upcoming government tenders?
3078,inquiry,How can I avail of the senior citizen benefits offered by the government?
3079,inquiry,What documents are required to apply for a ration card?
3080,inquiry,Where can I find information about upcoming government tenders?
3081,inquiry,Where can I find information about upcoming government tenders?
3082,inquiry,What is the process to change my address on my Aadhaar card?
3083,inquiry,Where can I apply for a driving license online in my state?
3084,inquiry,How can I avail of the senior citizen benefits offered by the government?
3085,inquiry,What is the procedure to get a birth certificate reissued?
3086,inquiry,What are the eligibility criteria for a government housing scheme?
3087,inquiry,How can I avail of the senior citizen benefits offered by the government?
3088,inquiry,What documents are required to apply for a ration card?
3089,inquiry,What is the procedure to get a birth certificate reissued?
3090,inquiry,How can I avail of the senior citizen benefits offered by the government?
3091,inquiry,Where can I find information about upcoming government tenders?
3092,inquiry,How can I check the status of my income tax refund?
3093,inquiry,Where can I find information about upcoming government tenders?
3094,inquiry,What documents are required to apply for a ration card?
3095,inquiry,Where can I find information about upcoming government tenders?
3096,inquiry,How can I check the status of my income tax refund?
3097,inquiry,What documents are required to apply for a ration card?
3098,inquiry,Where can I register a complaint about poor road conditions?
3099,inquiry,How do I register for a new voter ID?
3100,inquiry,What documents are required to apply for a ration card?
3101,inquiry,How can I check the status of my income tax refund?
3102,inquiry,How can I check the status of my income tax refund?
3103,inquiry,What documents are required to apply for a ration card?
3104,inquiry,What is the procedure to get a birth certificate reissued?
3105,inquiry,What documents are required to apply for a ration card?
3106,inquiry,Where can I apply for a driving license online in my state?
3107,inquiry,What are the eligibility criteria for a government housing scheme?
3108,inquiry,What is the procedure to get a birth certificate reissued?
3109,inquiry,What are the eligibility criteria for a government housing scheme?
3110,inquiry,How can I avail of the senior citizen benefits offered by the government?
3111,inquiry,How can I check the status of my income tax refund?
3112,inquiry,What are the eligibility criteria for a government housing scheme?
3113,inquiry,How can I avail of the senior citizen benefits offered by the government?
3114,inquiry,Where can I register a complaint about poor road conditions?
3115,inquiry,Where can I apply for a driving license online in my state?
3116,inquiry,Where can I apply for a driving license online in my state?
3117,inquiry,What documents are required to apply for a ration card?
3118,inquiry,How can I check the status of my income tax refund?
3119,inquiry,Where can I apply for a driving license online in my state?
3120,inquiry,What is the process to change my address on my Aadhaar card?
3121,inquiry,How can I check the status of my income tax refund?
3122,inquiry,How can I avail of the senior citizen benefits offered by the government?
3123,inquiry,How can I check the status of my income tax refund?
3124,inquiry,What is the process to change my address on my Aadhaar card?
3125,inquiry,Where can I find information about upcoming government tenders?
3126,inquiry,How do I register for a new voter ID?
3127,inquiry,How can I check the status of my income tax refund?
3128,inquiry,What are the eligibility criteria for a government housing scheme?
3129,inquiry,What is the procedure to get a birth certificate reissued?
3130,inquiry,What documents are required to apply for a ration card?
3131,inquiry,Where can I find information about upcoming government tenders?
3132,inquiry,What documents are required to apply for a ration card?
3133,inquiry,Where can I apply for a driving license online in my state?
3134,inquiry,Where can I find information about upcoming government tenders?
3135,inquiry,What are the eligibility criteria for a government housing scheme?
3136,inquiry,What are the eligibility criteria for a government housing scheme?
3137,inquiry,What documents are required to apply for a ration card?
3138,inquiry,What documents are required to apply for a ration card?
3139,inquiry,Where can I register a complaint about poor road conditions?
3140,inquiry,What is the process to change my address on my Aadhaar card?
3141,inquiry,Where can I find information about upcoming government tenders?
3142,inquiry,How do I register for a new voter ID?
3143,inquiry,What is the process to change my address on my Aadhaar card?
3144,inquiry,Where can I find information about upcoming government tenders?
3145,inquiry,How do I register for a new voter ID?
3146,inquiry,How can I check the status of my income tax refund?
3147,inquiry,How do I register for a new voter ID?
3148,inquiry,What documents are required to apply for a ration card?
3149,inquiry,Where can I register a complaint about poor road conditions?
3150,inquiry,How do I register for a new voter ID?
3151,inquiry,What is the procedure to get a birth certificate reissued?
3152,inquiry,Where can I register a complaint about poor road conditions?
3153,inquiry,What is the process to change my address on my Aadhaar card?
3154,inquiry,Where can I apply for a driving license online in my state?
3155,inquiry,What are the eligibility criteria for a government housing scheme?
3156,inquiry,Where can I apply for a driving license online in my state?
3157,inquiry,Where can I find information about upcoming government tenders?
3158,inquiry,What are the eligibility criteria for a government housing scheme?
3159,inquiry,Where can I apply for a driving license online in my state?
3160,inquiry,What are the eligibility criteria for a government housing scheme?
3161,inquiry,What documents are required to apply for a ration card?
3162,inquiry,How do I register for a new voter ID?
3163,inquiry,Where can I register a complaint about poor road conditions?
3164,inquiry,What is the process to change my address on my Aadhaar card?
3165,inquiry,How can I check the status of my income tax refund?
3166,inquiry,Where can I apply for a driving license online in my state?
3167,inquiry,How do I register for a new voter ID?
3168,inquiry,How can I check the status of my income tax refund?
3169,inquiry,What is the procedure to get a birth certificate reissued?
3170,inquiry,What are the eligibility criteria for a government housing scheme?
3171,inquiry,What is the process to change my address on my Aadhaar card?
3172,inquiry,What is the procedure to get a birth certificate reissued?
3173,inquiry,How can I avail of the senior citizen benefits offered by the government?
3174,inquiry,What documents are required to apply for a ration card?
3175,inquiry,Where can I apply for a driving license online in my state?
3176,inquiry,How can I check the status of my income tax refund?
3177,inquiry,What documents are required to apply for a ration card?
3178,inquiry,What documents are required to apply for a ration card?
3179,inquiry,What documents are required to apply for a ration card?
3180,inquiry,What are the eligibility criteria for a government housing scheme?
3181,inquiry,Where can I find information about upcoming government tenders?
3182,inquiry,How can I avail of the senior citizen benefits offered by the government?
3183,inquiry,What are the eligibility criteria for a government housing scheme?
3184,inquiry,How can I check the status of my income tax refund?
3185,inquiry,Where can I find information about upcoming government tenders?
3186,inquiry,Where can I find information about upcoming government tenders?
3187,inquiry,What documents are required to apply for a ration card?
3188,inquiry,How can I check the status of my income tax refund?
3189,inquiry,What are the eligibility criteria for a government housing scheme?
3190,inquiry,What are the eligibility criteria for a government housing scheme?
3191,inquiry,What documents are required to apply for a ration card?
3192,inquiry,Where can I register a complaint about poor road conditions?
3193,inquiry,What documents are required to apply for a ration card?
3194,inquiry,Where can I register a complaint about poor road conditions?
3195,inquiry,What documents are required to apply for a ration card?
3196,inquiry,How can I check the status of my income tax refund?
3197,inquiry,How can I check the status of my income tax refund?
3198,inquiry,What are the eligibility criteria for a government housing scheme?
3199,inquiry,What documents are required to apply for a ration card?
3200,inquiry,Where can I apply for a driving license online in my state?
3201,inquiry,Where can I register a complaint about poor road conditions?
3202,inquiry,What are the eligibility criteria for a government housing scheme?
3203,inquiry,What documents are required to apply for a ration card?
3204,inquiry,How can I avail of the senior citizen benefits offered by the government?
3205,inquiry,Where can I register a complaint about poor road conditions?
3206,inquiry,What is the procedure to get a birth certificate reissued?
3207,inquiry,Where can I find information about upcoming government tenders?
3208,inquiry,How can I avail of the senior citizen benefits offered by the government?
3209,inquiry,What is the procedure to get a birth certificate reissued?
3210,inquiry,What are the eligibility criteria for a government housing scheme?
3211,inquiry,Where can I find information about upcoming government tenders?
3212,inquiry,How can I avail of the senior citizen benefits offered by the government?
3213,inquiry,What documents are required to apply for a ration card?
3214,inquiry,How can I avail of the senior citizen benefits offered by the government?
3215,inquiry,What is the procedure to get a birth certificate reissued?
3216,inquiry,How can I check the status of my income tax refund?
3217,inquiry,How do I register for a new voter ID?
3218,inquiry,What documents are required to apply for a ration card?
3219,inquiry,What is the procedure to get a birth certificate reissued?
3220,inquiry,What is the procedure to get a birth certificate reissued?
3221,inquiry,How do I register for a new voter ID?
3222,inquiry,How can I check the status of my income tax refund?
3223,inquiry,Where can I find information about upcoming government tenders?
3224,inquiry,Where can I find information about upcoming government tenders?
3225,inquiry,Where can I apply for a driving license online in my state?
3226,inquiry,Where can I find information about upcoming government tenders?
3227,inquiry,Where can I apply for a driving license online in my state?
3228,inquiry,How can I check the status of my income tax refund?
3229,inquiry,How do I register for a new voter ID?
3230,inquiry,What is the procedure to get a birth certificate reissued?
3231,inquiry,What is the process to change my address on my Aadhaar card?
3232,inquiry,Where can I find information about upcoming government tenders?
3233,inquiry,What documents are required to apply for a ration card?
3234,inquiry,What documents are required to apply for a ration card?
3235,inquiry,Where can I apply for a driving license online in my state?
3236,inquiry,Where can I find information about upcoming government tenders?
3237,inquiry,Where can I apply for a driving license online in my state?
3238,inquiry,What is the procedure to get a birth certificate reissued?
3239,inquiry,How can I check the status of my income tax refund?
3240,inquiry,What documents are required to apply for a ration card?
3241,inquiry,What is the procedure to get a birth certificate reissued?
3242,inquiry,How can I avail of the senior citizen benefits offered by the government?
3243,inquiry,What are the eligibility criteria for a government housing scheme?
3244,inquiry,What is the process to change my address on my Aadhaar card?
3245,inquiry,Where can I find information about upcoming government tenders?
3246,inquiry,Where can I register a complaint about poor road conditions?
3247,inquiry,Where can I register a complaint about poor road conditions?
3248,inquiry,Where can I apply for a driving license online in my state?
3249,inquiry,What is the procedure to get a birth certificate reissued?
3250,inquiry,What documents are required to apply for a ration card?
3251,inquiry,Where can I register a complaint about poor road conditions?
3252,inquiry,What are the eligibility criteria for a government housing scheme?
3253,inquiry,Where can I apply for a driving license online in my state?
3254,inquiry,Where can I register a complaint about poor road conditions?
3255,inquiry,Where can I find information about upcoming government tenders?
3256,inquiry,What is the process to change my address on my Aadhaar card?
3257,inquiry,Where can I apply for a driving license online in my state?
3258,inquiry,What documents are required to apply for a ration card?
3259,inquiry,Where can I register a complaint about poor road conditions?
3260,inquiry,Where can I find information about upcoming government tenders?
3261,inquiry,What are the eligibility criteria for a government housing scheme?
3262,inquiry,Where can I apply for a driving license online in my state?
3263,inquiry,How can I check the status of my income tax refund?
3264,inquiry,What is the process to change my address on my Aadhaar card?
3265,inquiry,Where can I find information about upcoming government tenders?
3266,inquiry,How do I register for a new voter ID?
3267,inquiry,Where can I find information about upcoming government tenders?
3268,inquiry,How can I check the status of my income tax refund?
3269,inquiry,How can I avail of the senior citizen benefits offered by the government?
3270,inquiry,What are the eligibility criteria for a government housing scheme?
3271,inquiry,How do I register for a new voter ID?
3272,inquiry,What are the eligibility criteria for a government housing scheme?
3273,inquiry,How do I register for a new voter ID?
3274,inquiry,What is the process to change my address on my Aadhaar card?
3275,inquiry,What are the eligibility criteria for a government housing scheme?
3276,inquiry,How can I check the status of my income tax refund?
3277,inquiry,How do I register for a new voter ID?
3278,inquiry,How can I check the status of my income tax refund?
3279,inquiry,Where can I apply for a driving license online in my state?
3280,inquiry,Where can I apply for a driving license online in my state?
3281,inquiry,How do I register for a new voter ID?
3282,inquiry,What documents are required to apply for a ration card?
3283,inquiry,What is the procedure to get a birth certificate reissued?
3284,inquiry,Where can I find information about upcoming government tenders?
3285,inquiry,How can I avail of the senior citizen benefits offered by the government?
3286,inquiry,How can I avail of the senior citizen benefits offered by the government?
3287,inquiry,What documents are required to apply for a ration card?
3288,inquiry,How can I avail of the senior citizen benefits offered by the government?
3289,inquiry,What are the eligibility criteria for a government housing scheme?
3290,inquiry,Where can I find information about upcoming government tenders?
3291,inquiry,How do I register for a new voter ID?
3292,inquiry,What is the process to change my address on my Aadhaar card?
3293,inquiry,What are the eligibility criteria for a government housing scheme?
3294,inquiry,Where can I apply for a driving license online in my state?
3295,inquiry,How can I avail of the senior citizen benefits offered by the government?
3296,inquiry,How do I register for a new voter ID?
3297,inquiry,What is the process to change my address on my Aadhaar card?
3298,inquiry,What are the eligibility criteria for a government housing scheme?
3299,inquiry,What are the eligibility criteria for a government housing scheme?
3300,inquiry,What are the eligibility criteria for a government housing scheme?
3301,inquiry,Where can I find information about upcoming government tenders?
3302,inquiry,How can I avail of the senior citizen benefits offered by the government?
3303,inquiry,How can I avail of the senior citizen benefits offered by the government?
3304,inquiry,How can I check the status of my income tax refund?
3305,inquiry,How can I check the status of my income tax refund?
3306,inquiry,Where can I register a complaint about poor road conditions?
3307,inquiry,How do I register for a new voter ID?
3308,inquiry,What are the eligibility criteria for a government housing scheme?
3309,inquiry,How do I register for a new voter ID?
3310,inquiry,What is the procedure to get a birth certificate reissued?
3311,inquiry,How do I register for a new voter ID?
3312,inquiry,How do I register for a new voter ID?
3313,inquiry,What is the procedure to get a birth certificate reissued?
3314,inquiry,What are the eligibility criteria for a government housing scheme?
3315,inquiry,What documents are required to apply for a ration card?
3316,inquiry,What is the procedure to get a birth certificate reissued?
3317,inquiry,How can I check the status of my income tax refund?
3318,inquiry,Where can I find information about upcoming government tenders?
3319,inquiry,Where can I register a complaint about poor road conditions?
3320,inquiry,What is the procedure to get a birth certificate reissued?
3321,inquiry,How can I check the status of my income tax refund?
3322,inquiry,Where can I register a complaint about poor road conditions?
3323,inquiry,What is the procedure to get a birth certificate reissued?
3324,inquiry,How can I avail of the senior citizen benefits offered by the government?
3325,inquiry,Where can I apply for a driving license online in my state?
3326,inquiry,Where can I apply for a driving license online in my state?
3327,inquiry,How can I check the status of my income tax refund?
3328,inquiry,How can I avail of the senior citizen benefits offered by the government?
3329,inquiry,What is the process to change my address on my Aadhaar card?
3330,inquiry,How can I avail of the senior citizen benefits offered by the government?
3331,inquiry,What documents are required to apply for a ration card?
3332,inquiry,What is the procedure to get a birth certificate reissued?
3333,inquiry,Where can I apply for a driving license online in my state?
3334,inquiry,What documents are required to apply for a ration card?
3335,inquiry,Where can I register a complaint about poor road conditions?
3336,inquiry,How can I check the status of my income tax refund?
3337,inquiry,What is the process to change my address on my Aadhaar card?
3338,inquiry,How can I check the status of my income tax refund?
3339,inquiry,Where can I find information about upcoming government tenders?
3340,inquiry,How do I register for a new voter ID?
3341,inquiry,Where can I register a complaint about poor road conditions?
3342,inquiry,What are the eligibility criteria for a government housing scheme?
3343,inquiry,How can I avail of the senior citizen benefits offered by the government?
3344,inquiry,How can I avail of the senior citizen benefits offered by the government?
3345,inquiry,What are the eligibility criteria for a government housing scheme?
3346,inquiry,What is the procedure to get a birth certificate reissued?
3347,inquiry,How do I register for a new voter ID?
3348,inquiry,What is the procedure to get a birth certificate reissued?
3349,inquiry,What are the eligibility criteria for a government housing scheme?
3350,inquiry,Where can I register a complaint about poor road conditions?
3351,inquiry,What is the process to change my address on my Aadhaar card?
3352,inquiry,Where can I apply for a driving license online in my state?
3353,inquiry,How do I register for a new voter ID?
3354,inquiry,What documents are required to apply for a ration card?
3355,inquiry,How do I register for a new voter ID?
3356,inquiry,What is the process to change my address on my Aadhaar card?
3357,inquiry,What are the eligibility criteria for a government housing scheme?
3358,inquiry,What are the eligibility criteria for a government housing scheme?
3359,inquiry,How do I register for a new voter ID?
3360,inquiry,How can I avail of the senior citizen benefits offered by the government?
3361,inquiry,How can I avail of the senior citizen benefits offered by the government?
3362,inquiry,What is the procedure to get a birth certificate reissued?
3363,inquiry,Where can I apply for a driving license online in my state?
3364,inquiry,What is the process to change my address on my Aadhaar card?
3365,inquiry,How do I register for a new voter ID?
3366,inquiry,How can I check the status of my income tax refund?
3367,inquiry,Where can I apply for a driving license online in my state?
3368,inquiry,Where can I find information about upcoming government tenders?
3369,inquiry,Where can I apply for a driving license online in my state?
3370,inquiry,Where can I register a complaint about poor road conditions?
3371,inquiry,How do I register for a new voter ID?
3372,inquiry,What is the procedure to get a birth certificate reissued?
3373,inquiry,What is the process to change my address on my Aadhaar card?
3374,inquiry,How do I register for a new voter ID?
3375,inquiry,How can I check the status of my income tax refund?
3376,inquiry,What is the process to change my address on my Aadhaar card?
3377,inquiry,How do I register for a new voter ID?
3378,inquiry,How can I avail of the senior citizen benefits offered by the government?
3379,inquiry,How do I register for a new voter ID?
3380,inquiry,What is the procedure to get a birth certificate reissued?
3381,inquiry,How can I check the status of my income tax refund?
3382,inquiry,How do I register for a new voter ID?
3383,inquiry,How can I avail of the senior citizen benefits offered by the government?
3384,inquiry,How do I register for a new voter ID?
3385,inquiry,What is the process to change my address on my Aadhaar card?
3386,inquiry,What are the eligibility criteria for a government housing scheme?
3387,inquiry,Where can I apply for a driving license online in my state?
3388,inquiry,What is the procedure to get a birth certificate reissued?
3389,inquiry,How can I avail of the senior citizen benefits offered by the government?
3390,inquiry,What is the procedure to get a birth certificate reissued?
3391,inquiry,Where can I apply for a driving license online in my state?
3392,inquiry,Where can I register a complaint about poor road conditions?
3393,inquiry,How can I check the status of my income tax refund?
3394,inquiry,What is the procedure to get a birth certificate reissued?
3395,inquiry,Where can I apply for a driving license online in my state?
3396,inquiry,What are the eligibility criteria for a government housing scheme?
3397,inquiry,How can I check the status of my income tax refund?
3398,inquiry,How do I register for a new voter ID?
3399,inquiry,How can I check the status of my income tax refund?
3400,inquiry,How can I avail of the senior citizen benefits offered by the government?
3401,inquiry,Where can I register a complaint about poor road conditions?
3402,inquiry,How can I check the status of my income tax refund?
3403,inquiry,Where can I register a complaint about poor road conditions?
3404,inquiry,How can I check the status of my income tax refund?
3405,inquiry,How can I check the status of my income tax refund?
3406,inquiry,Where can I find information about upcoming government tenders?
3407,inquiry,What are the eligibility criteria for a government housing scheme?
3408,inquiry,Where can I register a complaint about poor road conditions?
3409,inquiry,How can I avail of the senior citizen benefits offered by the government?
3410,inquiry,What is the process to change my address on my Aadhaar card?
3411,inquiry,What documents are required to apply for a ration card?
3412,inquiry,Where can I register a complaint about poor road conditions?
3413,inquiry,What is the procedure to get a birth certificate reissued?
3414,inquiry,What are the eligibility criteria for a government housing scheme?
3415,inquiry,How can I check the status of my income tax refund?
3416,inquiry,Where can I register a complaint about poor road conditions?
3417,inquiry,What documents are required to apply for a ration card?
3418,inquiry,How do I register for a new voter ID?
3419,inquiry,What are the eligibility criteria for a government housing scheme?
3420,inquiry,What documents are required to apply for a ration card?
3421,inquiry,How can I avail of the senior citizen benefits offered by the government?
3422,inquiry,How can I check the status of my income tax refund?
3423,inquiry,What are the eligibility criteria for a government housing scheme?
3424,inquiry,Where can I apply for a driving license online in my state?
3425,inquiry,Where can I apply for a driving license online in my state?
3426,inquiry,What are the eligibility criteria for a government housing scheme?
3427,inquiry,Where can I apply for a driving license online in my state?
3428,inquiry,Where can I find information about upcoming government tenders?
3429,inquiry,Where can I apply for a driving license online in my state?
3430,inquiry,How do I register for a new voter ID?
3431,inquiry,Where can I apply for a driving license online in my state?
3432,inquiry,How can I avail of the senior citizen benefits offered by the government?
3433,inquiry,What are the eligibility criteria for a government housing scheme?
3434,inquiry,What documents are required to apply for a ration card?
3435,inquiry,What are the eligibility criteria for a government housing scheme?
3436,inquiry,What are the eligibility criteria for a government housing scheme?
3437,inquiry,Where can I apply for a driving license online in my state?
3438,inquiry,What documents are required to apply for a ration card?
3439,inquiry,Where can I find information about upcoming government tenders?
3440,inquiry,Where can I register a complaint about poor road conditions?
3441,inquiry,Where can I find information about upcoming government tenders?
3442,inquiry,What documents are required to apply for a ration card?
3443,inquiry,Where can I apply for a driving license online in my state?
3444,inquiry,How can I avail of the senior citizen benefits offered by the government?
3445,inquiry,What are the eligibility criteria for a government housing scheme?
3446,inquiry,What are the eligibility criteria for a government housing scheme?
3447,inquiry,Where can I register a complaint about poor road conditions?
3448,inquiry,Where can I register a complaint about poor road conditions?
3449,inquiry,Where can I find information about upcoming government tenders?
3450,inquiry,Where can I register a complaint about poor road conditions?
3451,inquiry,What is the process to change my address on my Aadhaar card?
3452,inquiry,Where can I find information about upcoming government tenders?
3453,inquiry,What are the eligibility criteria for a government housing scheme?
3454,inquiry,What is the procedure to get a birth certificate reissued?
3455,inquiry,Where can I apply for a driving license online in my state?
3456,inquiry,Where can I apply for a driving license online in my state?
3457,inquiry,What are the eligibility criteria for a government housing scheme?
3458,inquiry,How can I avail of the senior citizen benefits offered by the government?
3459,inquiry,Where can I find information about upcoming government tenders?
3460,inquiry,What documents are required to apply for a ration card?
3461,inquiry,Where can I find information about upcoming government tenders?
3462,inquiry,What is the process to change my address on my Aadhaar card?
3463,inquiry,Where can I register a complaint about poor road conditions?
3464,inquiry,What is the procedure to get a birth certificate reissued?
3465,inquiry,How can I check the status of my income tax refund?
3466,inquiry,What documents are required to apply for a ration card?
3467,inquiry,How do I register for a new voter ID?
3468,inquiry,What documents are required to apply for a ration card?
3469,inquiry,What is the process to change my address on my Aadhaar card?
3470,inquiry,Where can I register a complaint about poor road conditions?
3471,inquiry,How can I check the status of my income tax refund?
3472,inquiry,Where can I register a complaint about poor road conditions?
3473,inquiry,How do I register for a new voter ID?
3474,inquiry,How can I avail of the senior citizen benefits offered by the government?
3475,inquiry,Where can I register a complaint about poor road conditions?
3476,inquiry,Where can I register a complaint about poor road conditions?
3477,inquiry,How can I check the status of my income tax refund?
3478,inquiry,Where can I apply for a driving license online in my state?
3479,inquiry,What is the process to change my address on my Aadhaar card?
3480,inquiry,Where can I find information about upcoming government tenders?
3481,inquiry,What are the eligibility criteria for a government housing scheme?
3482,inquiry,Where can I register a complaint about poor road conditions?
3483,inquiry,Where can I register a complaint about poor road conditions?
3484,inquiry,Where can I find information about upcoming government tenders?
3485,inquiry,What is the process to change my address on my Aadhaar card?
3486,inquiry,How do I register for a new voter ID?
3487,inquiry,What is the procedure to get a birth certificate reissued?
3488,inquiry,What documents are required to apply for a ration card?
3489,inquiry,How can I avail of the senior citizen benefits offered by the government?
3490,inquiry,Where can I register a complaint about poor road conditions?
3491,inquiry,What documents are required to apply for a ration card?
3492,inquiry,How do I register for a new voter ID?
3493,inquiry,What are the eligibility criteria for a government housing scheme?
3494,inquiry,How can I avail of the senior citizen benefits offered by the government?
3495,inquiry,Where can I register a complaint about poor road conditions?
3496,inquiry,How can I avail of the senior citizen benefits offered by the government?
3497,inquiry,What is the process to change my address on my Aadhaar card?
3498,inquiry,Where can I find information about upcoming government tenders?
3499,inquiry,How can I check the status of my income tax refund?
3500,inquiry,Where can I register a complaint about poor road conditions?
3501,inquiry,Where can I find information about upcoming government tenders?
3502,inquiry,How can I avail of the senior citizen benefits offered by the government?
3503,inquiry,Where can I apply for a driving license online in my state?
3504,inquiry,Where can I register a complaint about poor road conditions?
3505,inquiry,What is the procedure to get a birth certificate reissued?
3506,inquiry,How can I check the status of my income tax refund?
3507,inquiry,How can I avail of the senior citizen benefits offered by the government?
3508,inquiry,What documents are required to apply for a ration card?
3509,inquiry,Where can I register a complaint about poor road conditions?
3510,inquiry,How can I check the status of my income tax refund?
3511,inquiry,How do I register for a new voter ID?
3512,inquiry,Where can I register a complaint about poor road conditions?
3513,inquiry,Where can I register a complaint about poor road conditions?
3514,inquiry,What is the process to change my address on my Aadhaar card?
3515,inquiry,How can I check the status of my income tax refund?
3516,inquiry,Where can I apply for a driving license online in my state?
3517,inquiry,How can I avail of the senior citizen benefits offered by the government?
3518,inquiry,What are the eligibility criteria for a government housing scheme?
3519,inquiry,How can I avail of the senior citizen benefits offered by the government?
3520,inquiry,Where can I register a complaint about poor road conditions?
3521,inquiry,What documents are required to apply for a ration card?
3522,inquiry,How can I avail of the senior citizen benefits offered by the government?
3523,inquiry,What are the eligibility criteria for a government housing scheme?
3524,inquiry,How can I avail of the senior citizen benefits offered by the government?
3525,inquiry,What documents are required to apply for a ration card?
3526,inquiry,How do I register for a new voter ID?
3527,inquiry,What is the procedure to get a birth certificate reissued?
3528,inquiry,Where can I apply for a driving license online in my state?
3529,inquiry,What documents are required to apply for a ration card?
3530,inquiry,What documents are required to apply for a ration card?
3531,inquiry,What is the process to change my address on my Aadhaar card?
3532,inquiry,How can I check the status of my income tax refund?
3533,inquiry,What documents are required to apply for a ration card?
3534,inquiry,What are the eligibility criteria for a government housing scheme?
3535,inquiry,How can I check the status of my income tax refund?
3536,inquiry,What are the eligibility criteria for a government housing scheme?
3537,inquiry,Where can I find information about upcoming government tenders?
3538,inquiry,How can I avail of the senior citizen benefits offered by the government?
3539,inquiry,How can I avail of the senior citizen benefits offered by the government?
3540,inquiry,How can I avail of the senior citizen benefits offered by the government?
3541,inquiry,What is the procedure to get a birth certificate reissued?
3542,inquiry,Where can I apply for a driving license online in my state?
3543,inquiry,Where can I apply for a driving license online in my state?
3544,inquiry,How do I register for a new voter ID?
3545,inquiry,Where can I find information about upcoming government tenders?
3546,inquiry,What documents are required to apply for a ration card?
3547,inquiry,How do I register for a new voter ID?
3548,inquiry,Where can I apply for a driving license online in my state?
3549,inquiry,How can I avail of the senior citizen benefits offered by the government?
3550,inquiry,How do I register for a new voter ID?
3551,inquiry,Where can I apply for a driving license online in my state?
3552,inquiry,Where can I register a complaint about poor road conditions?
3553,inquiry,What documents are required to apply for a ration card?
3554,inquiry,Where can I find information about upcoming government tenders?
3555,inquiry,Where can I register a complaint about poor road conditions?
3556,inquiry,Where can I apply for a driving license online in my state?
3557,inquiry,How can I avail of the senior citizen benefits offered by the government?
3558,inquiry,How do I register for a new voter ID?
3559,inquiry,What are the eligibility criteria for a government housing scheme?
3560,inquiry,What are the eligibility criteria for a government housing scheme?
3561,inquiry,What is the process to change my address on my Aadhaar card?
3562,inquiry,Where can I register a complaint about poor road conditions?
3563,inquiry,How do I register for a new voter ID?
3564,inquiry,How do I register for a new voter ID?
3565,inquiry,How can I avail of the senior citizen benefits offered by the government?
3566,inquiry,What documents are required to apply for a ration card?
3567,inquiry,How can I check the status of my income tax refund?
3568,inquiry,How do I register for a new voter ID?
3569,inquiry,How can I avail of the senior citizen benefits offered by the government?
3570,inquiry,What are the eligibility criteria for a government housing scheme?
3571,inquiry,How can I check the status of my income tax refund?
3572,inquiry,Where can I register a complaint about poor road conditions?
3573,inquiry,What documents are required to apply for a ration card?
3574,inquiry,Where can I register a complaint about poor road conditions?
3575,inquiry,What documents are required to apply for a ration card?
3576,inquiry,How can I avail of the senior citizen benefits offered by the government?
3577,inquiry,What is the procedure to get a birth certificate reissued?
3578,inquiry,What is the procedure to get a birth certificate reissued?
3579,inquiry,How can I avail of the senior citizen benefits offered by the government?
3580,inquiry,Where can I find information about upcoming government tenders?
3581,inquiry,How can I check the status of my income tax refund?
3582,inquiry,Where can I register a complaint about poor road conditions?
3583,inquiry,What is the process to change my address on my Aadhaar card?
3584,inquiry,What are the eligibility criteria for a government housing scheme?
3585,inquiry,How do I register for a new voter ID?
3586,inquiry,How can I avail of the senior citizen benefits offered by the government?
3587,inquiry,Where can I apply for a driving license online in my state?
3588,inquiry,Where can I apply for a driving license online in my state?
3589,inquiry,What is the process to change my address on my Aadhaar card?
3590,inquiry,What is the process to change my address on my Aadhaar card?
3591,inquiry,What are the eligibility criteria for a government housing scheme?
3592,inquiry,Where can I apply for a driving license online in my state?
3593,inquiry,Where can I register a complaint about poor road conditions?
3594,inquiry,Where can I register a complaint about poor road conditions?
3595,inquiry,How do I register for a new voter ID?
3596,inquiry,Where can I find information about upcoming government tenders?
3597,inquiry,Where can I apply for a driving license online in my state?
3598,inquiry,How do I register for a new voter ID?
3599,inquiry,How can I check the status of my income tax refund?
3600,inquiry,How can I avail of the senior citizen benefits offered by the government?
3601,inquiry,How do I register for a new voter ID?
3602,inquiry,Where can I apply for a driving license online in my state?
3603,inquiry,What is the process to change my address on my Aadhaar card?
3604,inquiry,Where can I register a complaint about poor road conditions?
3605,inquiry,What is the procedure to get a birth certificate reissued?
3606,inquiry,What is the process to change my address on my Aadhaar card?
3607,inquiry,What is the process to change my address on my Aadhaar card?
3608,inquiry,How do I register for a new voter ID?
3609,inquiry,What documents are required to apply for a ration card?
3610,inquiry,What is the process to change my address on my Aadhaar card?
3611,inquiry,How can I avail of the senior citizen benefits offered by the government?
3612,inquiry,Where can I register a complaint about poor road conditions?
3613,inquiry,What is the procedure to get a birth certificate reissued?
3614,inquiry,Where can I find information about upcoming government tenders?
3615,inquiry,What is the process to change my address on my Aadhaar card?
3616,inquiry,What documents are required to apply for a ration card?
3617,inquiry,How do I register for a new voter ID?
3618,inquiry,Where can I find information about upcoming government tenders?
3619,inquiry,How can I check the status of my income tax refund?
3620,inquiry,What is the process to change my address on my Aadhaar card?
3621,inquiry,How can I avail of the senior citizen benefits offered by the government?
3622,inquiry,What is the process to change my address on my Aadhaar card?
3623,inquiry,Where can I register a complaint about poor road conditions?
3624,inquiry,What is the process to change my address on my Aadhaar card?
3625,inquiry,How can I avail of the senior citizen benefits offered by the government?
3626,inquiry,Where can I register a complaint about poor road conditions?
3627,inquiry,What are the eligibility criteria for a government housing scheme?
3628,inquiry,How can I check the status of my income tax refund?
3629,inquiry,How can I avail of the senior citizen benefits offered by the government?
3630,inquiry,How can I check the status of my income tax refund?
3631,inquiry,Where can I register a complaint about poor road conditions?
3632,inquiry,How can I check the status of my income tax refund?
3633,inquiry,What are the eligibility criteria for a government housing scheme?
3634,inquiry,What are the eligibility criteria for a government housing scheme?
3635,inquiry,Where can I apply for a driving license online in my state?
3636,inquiry,How can I avail of the senior citizen benefits offered by the government?
3637,inquiry,How do I register for a new voter ID?
3638,inquiry,What are the eligibility criteria for a government housing scheme?
3639,inquiry,What is the procedure to get a birth certificate reissued?
3640,inquiry,What are the eligibility criteria for a government housing scheme?
3641,inquiry,What are the eligibility criteria for a government housing scheme?
3642,inquiry,Where can I apply for a driving license online in my state?
3643,inquiry,Where can I find information about upcoming government tenders?
3644,inquiry,What is the procedure to get a birth certificate reissued?
3645,inquiry,Where can I apply for a driving license online in my state?
3646,inquiry,How can I check the status of my income tax refund?
3647,inquiry,Where can I apply for a driving license online in my state?
3648,inquiry,How can I check the status of my income tax refund?
3649,inquiry,How can I avail of the senior citizen benefits offered by the government?
3650,inquiry,What documents are required to apply for a ration card?
3651,inquiry,Where can I register a complaint about poor road conditions?
3652,inquiry,How can I avail of the senior citizen benefits offered by the government?
3653,inquiry,How can I avail of the senior citizen benefits offered by the government?
3654,inquiry,What is the procedure to get a birth certificate reissued?
3655,inquiry,What documents are required to apply for a ration card?
3656,inquiry,What are the eligibility criteria for a government housing scheme?
3657,inquiry,What documents are required to apply for a ration card?
3658,inquiry,Where can I register a complaint about poor road conditions?
3659,inquiry,How can I avail of the senior citizen benefits offered by the government?
3660,inquiry,What documents are required to apply for a ration card?
3661,inquiry,Where can I register a complaint about poor road conditions?
3662,inquiry,How can I avail of the senior citizen benefits offered by the government?
3663,inquiry,What documents are required to apply for a ration card?
3664,inquiry,What are the eligibility criteria for a government housing scheme?
3665,inquiry,Where can I apply for a driving license online in my state?
3666,inquiry,How do I register for a new voter ID?
3667,inquiry,What is the process to change my address on my Aadhaar card?
3668,inquiry,What documents are required to apply for a ration card?
3669,inquiry,What documents are required to apply for a ration card?
3670,inquiry,Where can I apply for a driving license online in my state?
3671,inquiry,How do I register for a new voter ID?
3672,inquiry,How do I register for a new voter ID?
3673,inquiry,What is the procedure to get a birth certificate reissued?
3674,inquiry,What is the process to change my address on my Aadhaar card?
3675,inquiry,What is the process to change my address on my Aadhaar card?
3676,inquiry,What documents are required to apply for a ration card?
3677,inquiry,How can I check the status of my income tax refund?
3678,inquiry,Where can I register a complaint about poor road conditions?
3679,inquiry,Where can I register a complaint about poor road conditions?
3680,inquiry,What is the procedure to get a birth certificate reissued?
3681,inquiry,How do I register for a new voter ID?
3682,inquiry,What is the process to change my address on my Aadhaar card?
3683,inquiry,Where can I find information about upcoming government tenders?
3684,inquiry,What is the process to change my address on my Aadhaar card?
3685,inquiry,What is the process to change my address on my Aadhaar card?
3686,inquiry,Where can I find information about upcoming government tenders?
3687,inquiry,What are the eligibility criteria for a government housing scheme?
3688,inquiry,What is the process to change my address on my Aadhaar card?
3689,inquiry,How can I avail of the senior citizen benefits offered by the government?
3690,inquiry,Where can I apply for a driving license online in my state?
3691,inquiry,Where can I register a complaint about poor road conditions?
3692,inquiry,What are the eligibility criteria for a government housing scheme?
3693,inquiry,How can I check the status of my income tax refund?
3694,inquiry,Where can I register a complaint about poor road conditions?
3695,inquiry,Where can I register a complaint about poor road conditions?
3696,inquiry,What documents are required to apply for a ration card?
3697,inquiry,How do I register for a new voter ID?
3698,inquiry,What are the eligibility criteria for a government housing scheme?
3699,inquiry,How can I avail of the senior citizen benefits offered by the government?
3700,inquiry,How can I check the status of my income tax refund?
3701,inquiry,What is the process to change my address on my Aadhaar card?
3702,inquiry,What documents are required to apply for a ration card?
3703,inquiry,Where can I apply for a driving license online in my state?
3704,inquiry,What is the procedure to get a birth certificate reissued?
3705,inquiry,How do I register for a new voter ID?
3706,inquiry,What are the eligibility criteria for a government housing scheme?
3707,inquiry,Where can I find information about upcoming government tenders?
3708,inquiry,What is the procedure to get a birth certificate reissued?
3709,inquiry,What is the procedure to get a birth certificate reissued?
3710,inquiry,How do I register for a new voter ID?
3711,inquiry,What is the process to change my address on my Aadhaar card?
3712,inquiry,What are the eligibility criteria for a government housing scheme?
3713,inquiry,What documents are required to apply for a ration card?
3714,inquiry,Where can I find information about upcoming government tenders?
3715,inquiry,What is the procedure to get a birth certificate reissued?
3716,inquiry,What is the procedure to get a birth certificate reissued?
3717,inquiry,What is the procedure to get a birth certificate reissued?
3718,inquiry,What documents are required to apply for a ration card?
3719,inquiry,Where can I register a complaint about poor road conditions?
3720,inquiry,Where can I find information about upcoming government tenders?
3721,inquiry,How can I avail of the senior citizen benefits offered by the government?
3722,inquiry,How can I check the status of my income tax refund?
3723,inquiry,Where can I find information about upcoming government tenders?
3724,inquiry,What is the process to change my address on my Aadhaar card?
3725,inquiry,Where can I apply for a driving license online in my state?
3726,inquiry,How can I avail of the senior citizen benefits offered by the government?
3727,inquiry,What documents are required to apply for a ration card?
3728,inquiry,Where can I apply for a driving license online in my state?
3729,inquiry,How can I avail of the senior citizen benefits offered by the government?
3730,inquiry,How do I register for a new voter ID?
3731,inquiry,What documents are required to apply for a ration card?
3732,inquiry,What documents are required to apply for a ration card?
3733,inquiry,Where can I apply for a driving license online in my state?
3734,inquiry,Where can I find information about upcoming government tenders?
3735,inquiry,Where can I register a complaint about poor road conditions?
3736,inquiry,Where can I register a complaint about poor road conditions?
3737,inquiry,How can I avail of the senior citizen benefits offered by the government?
3738,inquiry,What documents are required to apply for a ration card?
3739,inquiry,How do I register for a new voter ID?
3740,inquiry,What is the procedure to get a birth certificate reissued?
3741,inquiry,Where can I register a complaint about poor road conditions?
3742,inquiry,Where can I apply for a driving license online in my state?
3743,inquiry,How can I check the status of my income tax refund?
3744,inquiry,How do I register for a new voter ID?
3745,inquiry,How do I register for a new voter ID?
3746,inquiry,What are the eligibility criteria for a government housing scheme?
3747,inquiry,What is the procedure to get a birth certificate reissued?
3748,inquiry,What is the process to change my address on my Aadhaar card?
3749,inquiry,Where can I register a complaint about poor road conditions?
3750,inquiry,What documents are required to apply for a ration card?
3751,compliment,Great job on improving the online passport application system!
3752,compliment,The quick response from municipal authorities on complaints is commendable.
3753,compliment,The online tax filing system has become much smoother and efficient.
3754,compliment,The cleanliness drive in our city has really made a difference.
3755,compliment,The new metro line has made commuting much easier. Thank you!
3756,compliment,The new metro line has made commuting much easier. Thank you!
3757,compliment,Great job on improving the online passport application system!
3758,compliment,Great job on improving the online passport application system!
3759,compliment,Great job on improving the online passport application system!
3760,compliment,The initiative to plant trees in the city is a great step towards sustainability.
3761,compliment,Thank you for increasing the number of public health centers in rural areas.
3762,compliment,The cleanliness drive in our city has really made a difference.
3763,compliment,Appreciate the efforts taken for better public transport facilities.
3764,compliment,The online tax filing system has become much smoother and efficient.
3765,compliment,The cleanliness drive in our city has really made a difference.
3766,compliment,Appreciate the efforts taken for better public transport facilities.
3767,compliment,The quick response from municipal authorities on complaints is commendable.
3768,compliment,Thank you for increasing the number of public health centers in rural areas.
3769,compliment,Great job on improving the online passport application system!
3770,compliment,The online tax filing system has become much smoother and efficient.
3771,compliment,The cleanliness drive in our city has really made a difference.
3772,compliment,The cleanliness drive in our city has really made a difference.
3773,compliment,The government’s digital initiatives have made life much easier.
3774,compliment,Appreciate the efforts taken for better public transport facilities.
3775,compliment,The quick response from municipal authorities on complaints is commendable.
3776,compliment,The cleanliness drive in our city has really made a difference.
3777,compliment,The government’s digital initiatives have made life much easier.
3778,compliment,Appreciate the efforts taken for better public transport facilities.
3779,compliment,The online tax filing system has become much smoother and efficient.
3780,compliment,Great job on improving the online passport application system!
3781,compliment,The government’s digital initiatives have made life much easier.
3782,compliment,The quick response from municipal authorities on complaints is commendable.
3783,compliment,Thank you for increasing the number of public health centers in rural areas.
3784,compliment,The cleanliness drive in our city has really made a difference.
3785,compliment,The online tax filing system has become much smoother and efficient.
3786,compliment,The quick response from municipal authorities on complaints is commendable.
3787,compliment,Great job on improving the online passport application system!
3788,compliment,The government’s digital initiatives have made life much easier.
3789,compliment,The quick response from municipal authorities on complaints is commendable.
3790,compliment,The online tax filing system has become much smoother and efficient.
3791,compliment,Thank you for increasing the number of public health centers in rural areas.
3792,compliment,The government’s digital initiatives have made life much easier.
3793,compliment,The initiative to plant trees in the city is a great step towards sustainability.
3794,compliment,The government’s digital initiatives have made life much easier.
3795,compliment,The new metro line has made commuting much easier. Thank you!
3796,compliment,Thank you for increasing the number of public health centers in rural areas.
3797,compliment,Thank you for increasing the number of public health centers in rural areas.
3798,compliment,The government’s digital initiatives have made life much easier.
3799,compliment,The online tax filing system has become much smoother and efficient.
3800,compliment,The digital payment system in government offices has reduced long queues.
3801,compliment,The cleanliness drive in our city has really made a difference.
3802,compliment,The quick response from municipal authorities on complaints is commendable.
3803,compliment,Appreciate the efforts taken for better public transport facilities.
3804,compliment,Great job on improving the online passport application system!
3805,compliment,Great job on improving the online passport application system!
3806,compliment,Great job on improving the online passport application system!
3807,compliment,The new metro line has made commuting much easier. Thank you!
3808,compliment,Thank you for increasing the number of public health centers in rural areas.
3809,compliment,The quick response from municipal authorities on complaints is commendable.
3810,compliment,The digital payment system in government offices has reduced long queues.
3811,compliment,The online tax filing system has become much smoother and efficient.
3812,compliment,Great job on improving the online passport application system!
3813,compliment,The cleanliness drive in our city has really made a difference.
3814,compliment,Appreciate the efforts taken for better public transport facilities.
3815,compliment,Appreciate the efforts taken for better public transport facilities.
3816,compliment,The digital payment system in government offices has reduced long queues.
3817,compliment,The quick response from municipal authorities on complaints is commendable.
3818,compliment,Thank you for increasing the number of public health centers in rural areas.
3819,compliment,The quick response from municipal authorities on complaints is commendable.
3820,compliment,The government’s digital initiatives have made life much easier.
3821,compliment,Appreciate the efforts taken for better public transport facilities.
3822,compliment,Thank you for increasing the number of public health centers in rural areas.
3823,compliment,The digital payment system in government offices has reduced long queues.
3824,compliment,The initiative to plant trees in the city is a great step towards sustainability.
3825,compliment,The cleanliness drive in our city has really made a difference.
3826,compliment,The quick response from municipal authorities on complaints is commendable.
3827,compliment,Appreciate the efforts taken for better public transport facilities.
3828,compliment,The initiative to plant trees in the city is a great step towards sustainability.
3829,compliment,The government’s digital initiatives have made life much easier.
3830,compliment,Thank you for increasing the number of public health centers in rural areas.
3831,compliment,Great job on improving the online passport application system!
3832,compliment,The cleanliness drive in our city has really made a difference.
3833,compliment,The new metro line has made commuting much easier. Thank you!
3834,compliment,Appreciate the efforts taken for better public transport facilities.
3835,compliment,The quick response from municipal authorities on complaints is commendable.
3836,compliment,Great job on improving the online passport application system!
3837,compliment,The cleanliness drive in our city has really made a difference.
3838,compliment,Great job on improving the online passport application system!
3839,compliment,The online tax filing system has become much smoother and efficient.
3840,compliment,The initiative to plant trees in the city is a great step towards sustainability.
3841,compliment,Appreciate the efforts taken for better public transport facilities.
3842,compliment,Thank you for increasing the number of public health centers in rural areas.
3843,compliment,The government’s digital initiatives have made life much easier.
3844,compliment,The quick response from municipal authorities on complaints is commendable.
3845,compliment,The initiative to plant trees in the city is a great step towards sustainability.
3846,compliment,The government’s digital initiatives have made life much easier.
3847,compliment,Great job on improving the online passport application system!
3848,compliment,The cleanliness drive in our city has really made a difference.
3849,compliment,The government’s digital initiatives have made life much easier.
3850,compliment,The cleanliness drive in our city has really made a difference.
3851,compliment,The initiative to plant trees in the city is a great step towards sustainability.
3852,compliment,The new metro line has made commuting much easier. Thank you!
3853,compliment,The cleanliness drive in our city has really made a difference.
3854,compliment,The initiative to plant trees in the city is a great step towards sustainability.
3855,compliment,Great job on improving the online passport application system!
3856,compliment,The digital payment system in government offices has reduced long queues.
3857,compliment,The quick response from municipal authorities on complaints is commendable.
3858,compliment,Appreciate the efforts taken for better public transport facilities.
3859,compliment,Appreciate the efforts taken for better public transport facilities.
3860,compliment,The initiative to plant trees in the city is a great step towards sustainability.
3861,compliment,The government’s digital initiatives have made life much easier.
3862,compliment,Great job on improving the online passport application system!
3863,compliment,The online tax filing system has become much smoother and efficient.
3864,compliment,Thank you for increasing the number of public health centers in rural areas.
3865,compliment,The initiative to plant trees in the city is a great step towards sustainability.
3866,compliment,The new metro line has made commuting much easier. Thank you!
3867,compliment,The digital payment system in government offices has reduced long queues.
3868,compliment,The new metro line has made commuting much easier. Thank you!
3869,compliment,Appreciate the efforts taken for better public transport facilities.
3870,compliment,The new metro line has made commuting much easier. Thank you!
3871,compliment,The new metro line has made commuting much easier. Thank you!
3872,compliment,The new metro line has made commuting much easier. Thank you!
3873,compliment,The quick response from municipal authorities on complaints is commendable.
3874,compliment,The digital payment system in government offices has reduced long queues.
3875,compliment,Thank you for increasing the number of public health centers in rural areas.
3876,compliment,The new metro line has made commuting much easier. Thank you!
3877,compliment,The online tax filing system has become much smoother and efficient.
3878,compliment,The digital payment system in government offices has reduced long queues.
3879,compliment,The cleanliness drive in our city has really made a difference.
3880,compliment,The cleanliness drive in our city has really made a difference.
3881,compliment,The government’s digital initiatives have made life much easier.
3882,compliment,The government’s digital initiatives have made life much easier.
3883,compliment,The government’s digital initiatives have made life much easier.
3884,compliment,Appreciate the efforts taken for better public transport facilities.
3885,compliment,The new metro line has made commuting much easier. Thank you!
3886,compliment,Great job on improving the online passport application system!
3887,compliment,The new metro line has made commuting much easier. Thank you!
3888,compliment,The government’s digital initiatives have made life much easier.
3889,compliment,The quick response from municipal authorities on complaints is commendable.
3890,compliment,Appreciate the efforts taken for better public transport facilities.
3891,compliment,The digital payment system in government offices has reduced long queues.
3892,compliment,The digital payment system in government offices has reduced long queues.
3893,compliment,The new metro line has made commuting much easier. Thank you!
3894,compliment,The initiative to plant trees in the city is a great step towards sustainability.
3895,compliment,The online tax filing system has become much smoother and efficient.
3896,compliment,The online tax filing system has become much smoother and efficient.
3897,compliment,Appreciate the efforts taken for better public transport facilities.
3898,compliment,Thank you for increasing the number of public health centers in rural areas.
3899,compliment,The quick response from municipal authorities on complaints is commendable.
3900,compliment,The quick response from municipal authorities on complaints is commendable.
3901,compliment,The quick response from municipal authorities on complaints is commendable.
3902,compliment,Great job on improving the online passport application system!
3903,compliment,The new metro line has made commuting much easier. Thank you!
3904,compliment,The initiative to plant trees in the city is a great step towards sustainability.
3905,compliment,Appreciate the efforts taken for better public transport facilities.
3906,compliment,The new metro line has made commuting much easier. Thank you!
3907,compliment,Appreciate the efforts taken for better public transport facilities.
3908,compliment,Great job on improving the online passport application system!
3909,compliment,The new metro line has made commuting much easier. Thank you!
3910,compliment,Great job on improving the online passport application system!
3911,compliment,Appreciate the efforts taken for better public transport facilities.
3912,compliment,Thank you for increasing the number of public health centers in rural areas.
3913,compliment,Appreciate the efforts taken for better public transport facilities.
3914,compliment,The digital payment system in government offices has reduced long queues.
3915,compliment,The digital payment system in government offices has reduced long queues.
3916,compliment,The cleanliness drive in our city has really made a difference.
3917,compliment,The quick response from municipal authorities on complaints is commendable.
3918,compliment,The quick response from municipal authorities on complaints is commendable.
3919,compliment,The cleanliness drive in our city has really made a difference.
3920,compliment,The cleanliness drive in our city has really made a difference.
3921,compliment,Appreciate the efforts taken for better public transport facilities.
3922,compliment,The online tax filing system has become much smoother and efficient.
3923,compliment,Great job on improving the online passport application system!
3924,compliment,Appreciate the efforts taken for better public transport facilities.
3925,compliment,The digital payment system in government offices has reduced long queues.
3926,compliment,The quick response from municipal authorities on complaints is commendable.
3927,compliment,The cleanliness drive in our city has really made a difference.
3928,compliment,Great job on improving the online passport application system!
3929,compliment,Thank you for increasing the number of public health centers in rural areas.
3930,compliment,Great job on improving the online passport application system!
3931,compliment,Thank you for increasing the number of public health centers in rural areas.
3932,compliment,The initiative to plant trees in the city is a great step towards sustainability.
3933,compliment,Thank you for increasing the number of public health centers in rural areas.
3934,compliment,Thank you for increasing the number of public health centers in rural areas.
3935,compliment,Thank you for increasing the number of public health centers in rural areas.
3936,compliment,The government’s digital initiatives have made life much easier.
3937,compliment,The online tax filing system has become much smoother and efficient.
3938,compliment,The cleanliness drive in our city has really made a difference.
3939,compliment,The digital payment system in government offices has reduced long queues.
3940,compliment,The initiative to plant trees in the city is a great step towards sustainability.
3941,compliment,The online tax filing system has become much smoother and efficient.
3942,compliment,The cleanliness drive in our city has really made a difference.
3943,compliment,Thank you for increasing the number of public health centers in rural areas.
3944,compliment,The digital payment system in government offices has reduced long queues.
3945,compliment,The government’s digital initiatives have made life much easier.
3946,compliment,The new metro line has made commuting much easier. Thank you!
3947,compliment,The government’s digital initiatives have made life much easier.
3948,compliment,Great job on improving the online passport application system!
3949,compliment,The initiative to plant trees in the city is a great step towards sustainability.
3950,compliment,The government’s digital initiatives have made life much easier.
3951,compliment,The quick response from municipal authorities on complaints is commendable.
3952,compliment,Appreciate the efforts taken for better public transport facilities.
3953,compliment,The digital payment system in government offices has reduced long queues.
3954,compliment,Thank you for increasing the number of public health centers in rural areas.
3955,compliment,The government’s digital initiatives have made life much easier.
3956,compliment,The new metro line has made commuting much easier. Thank you!
3957,compliment,The online tax filing system has become much smoother and efficient.
3958,compliment,The online tax filing system has become much smoother and efficient.
3959,compliment,The digital payment system in government offices has reduced long queues.
3960,compliment,The digital payment system in government offices has reduced long queues.
3961,compliment,The quick response from municipal authorities on complaints is commendable.
3962,compliment,The initiative to plant trees in the city is a great step towards sustainability.
3963,compliment,The government’s digital initiatives have made life much easier.
3964,compliment,The government’s digital initiatives have made life much easier.
3965,compliment,Thank you for increasing the number of public health centers in rural areas.
3966,compliment,Appreciate the efforts taken for better public transport facilities.
3967,compliment,The quick response from municipal authorities on complaints is commendable.
3968,compliment,Thank you for increasing the number of public health centers in rural areas.
3969,compliment,The digital payment system in government offices has reduced long queues.
3970,compliment,The initiative to plant trees in the city is a great step towards sustainability.
3971,compliment,The new metro line has made commuting much easier. Thank you!
3972,compliment,The government’s digital initiatives have made life much easier.
3973,compliment,The government’s digital initiatives have made life much easier.
3974,compliment,The new metro line has made commuting much easier. Thank you!
3975,compliment,Great job on improving the online passport application system!
3976,compliment,The new metro line has made commuting much easier. Thank you!
3977,compliment,The new metro line has made commuting much easier. Thank you!
3978,compliment,The initiative to plant trees in the city is a great step towards sustainability.
3979,compliment,Appreciate the efforts taken for better public transport facilities.
3980,compliment,The new metro line has made commuting much easier. Thank you!
3981,compliment,The initiative to plant trees in the city is a great step towards sustainability.
3982,compliment,The cleanliness drive in our city has really made a difference.
3983,compliment,Appreciate the efforts taken for better public transport facilities.
3984,compliment,The online tax filing system has become much smoother and efficient.
3985,compliment,Appreciate the efforts taken for better public transport facilities.
3986,compliment,Thank you for increasing the number of public health centers in rural areas.
3987,compliment,The online tax filing system has become much smoother and efficient.
3988,compliment,The quick response from municipal authorities on complaints is commendable.
3989,compliment,The digital payment system in government offices has reduced long queues.
3990,compliment,The initiative to plant trees in the city is a great step towards sustainability.
3991,compliment,The online tax filing system has become much smoother and efficient.
3992,compliment,The online tax filing system has become much smoother and efficient.
3993,compliment,The online tax filing system has become much smoother and efficient.
3994,compliment,The initiative to plant trees in the city is a great step towards sustainability.
3995,compliment,The cleanliness drive in our city has really made a difference.
3996,compliment,The government’s digital initiatives have made life much easier.
3997,compliment,Appreciate the efforts taken for better public transport facilities.
3998,compliment,The cleanliness drive in our city has really made a difference.
3999,compliment,The digital payment system in government offices has reduced long queues.
4000,compliment,The digital payment system in government offices has reduced long queues.
4001,compliment,Great job on improving the online passport application system!
4002,compliment,The online tax filing system has become much smoother and efficient.
4003,compliment,The quick response from municipal authorities on complaints is commendable.
4004,compliment,Appreciate the efforts taken for better public transport facilities.
4005,compliment,The online tax filing system has become much smoother and efficient.
4006,compliment,Thank you for increasing the number of public health centers in rural areas.
4007,compliment,The government’s digital initiatives have made life much easier.
4008,compliment,The digital payment system in government offices has reduced long queues.
4009,compliment,The online tax filing system has become much smoother and efficient.
4010,compliment,Great job on improving the online passport application system!
4011,compliment,The cleanliness drive in our city has really made a difference.
4012,compliment,The initiative to plant trees in the city is a great step towards sustainability.
4013,compliment,The digital payment system in government offices has reduced long queues.
4014,compliment,The government’s digital initiatives have made life much easier.
4015,compliment,Appreciate the efforts taken for better public transport facilities.
4016,compliment,Great job on improving the online passport application system!
4017,compliment,The quick response from municipal authorities on complaints is commendable.
4018,compliment,The digital payment system in government offices has reduced long queues.
4019,compliment,Thank you for increasing the number of public health centers in rural areas.
4020,compliment,The online tax filing system has become much smoother and efficient.
4021,compliment,The cleanliness drive in our city has really made a difference.
4022,compliment,Thank you for increasing the number of public health centers in rural areas.
4023,compliment,The initiative to plant trees in the city is a great step towards sustainability.
4024,compliment,The government’s digital initiatives have made life much easier.
4025,compliment,The quick response from municipal authorities on complaints is commendable.
4026,compliment,Great job on improving the online passport application system!
4027,compliment,The initiative to plant trees in the city is a great step towards sustainability.
4028,compliment,The online tax filing system has become much smoother and efficient.
4029,compliment,The initiative to plant trees in the city is a great step towards sustainability.
4030,compliment,The new metro line has made commuting much easier. Thank you!
4031,compliment,The initiative to plant trees in the city is a great step towards sustainability.
4032,compliment,The government’s digital initiatives have made life much easier.
4033,compliment,The new metro line has made commuting much easier. Thank you!
4034,compliment,The digital payment system in government offices has reduced long queues.
4035,compliment,The cleanliness drive in our city has really made a difference.
4036,compliment,The government’s digital initiatives have made life much easier.
4037,compliment,The new metro line has made commuting much easier. Thank you!
4038,compliment,The digital payment system in government offices has reduced long queues.
4039,compliment,Thank you for increasing the number of public health centers in rural areas.
4040,compliment,The online tax filing system has become much smoother and efficient.
4041,compliment,The government’s digital initiatives have made life much easier.
4042,compliment,The initiative to plant trees in the city is a great step towards sustainability.
4043,compliment,The digital payment system in government offices has reduced long queues.
4044,compliment,The quick response from municipal authorities on complaints is commendable.
4045,compliment,Appreciate the efforts taken for better public transport facilities.
4046,compliment,The quick response from municipal authorities on complaints is commendable.
4047,compliment,The new metro line has made commuting much easier. Thank you!
4048,compliment,The cleanliness drive in our city has really made a difference.
4049,compliment,Appreciate the efforts taken for better public transport facilities.
4050,compliment,The initiative to plant trees in the city is a great step towards sustainability.
4051,compliment,The cleanliness drive in our city has really made a difference.
4052,compliment,Great job on improving the online passport application system!
4053,compliment,The quick response from municipal authorities on complaints is commendable.
4054,compliment,Thank you for increasing the number of public health centers in rural areas.
4055,compliment,The government’s digital initiatives have made life much easier.
4056,compliment,Appreciate the efforts taken for better public transport facilities.
4057,compliment,Appreciate the efforts taken for better public transport facilities.
4058,compliment,Appreciate the efforts taken for better public transport facilities.
4059,compliment,Great job on improving the online passport application system!
4060,compliment,The quick response from municipal authorities on complaints is commendable.
4061,compliment,The online tax filing system has become much smoother and efficient.
4062,compliment,The initiative to plant trees in the city is a great step towards sustainability.
4063,compliment,Thank you for increasing the number of public health centers in rural areas.
4064,compliment,Great job on improving the online passport application system!
4065,compliment,Great job on improving the online passport application system!
4066,compliment,The cleanliness drive in our city has really made a difference.
4067,compliment,The government’s digital initiatives have made life much easier.
4068,compliment,The government’s digital initiatives have made life much easier.
4069,compliment,Appreciate the efforts taken for better public transport facilities.
4070,compliment,The online tax filing system has become much smoother and efficient.
4071,compliment,Great job on improving the online passport application system!
4072,compliment,The cleanliness drive in our city has really made a difference.
4073,compliment,The cleanliness drive in our city has really made a difference.
4074,compliment,The quick response from municipal authorities on complaints is commendable.
4075,compliment,The initiative to plant trees in the city is a great step towards sustainability.
4076,compliment,Appreciate the efforts taken for better public transport facilities.
4077,compliment,The initiative to plant trees in the city is a great step towards sustainability.
4078,compliment,The quick response from municipal authorities on complaints is commendable.
4079,compliment,The cleanliness drive in our city has really made a difference.
4080,compliment,The quick response from municipal authorities on complaints is commendable.
4081,compliment,The cleanliness drive in our city has really made a difference.
4082,compliment,The online tax filing system has become much smoother and efficient.
4083,compliment,The government’s digital initiatives have made life much easier.
4084,compliment,The digital payment system in government offices has reduced long queues.
4085,compliment,The digital payment system in government offices has reduced long queues.
4086,compliment,The government’s digital initiatives have made life much easier.
4087,compliment,The online tax filing system has become much smoother and efficient.
4088,compliment,The digital payment system in government offices has reduced long queues.
4089,compliment,The online tax filing system has become much smoother and efficient.
4090,compliment,Thank you for increasing the number of public health centers in rural areas.
4091,compliment,The online tax filing system has become much smoother and efficient.
4092,compliment,Appreciate the efforts taken for better public transport facilities.
4093,compliment,The online tax filing system has become much smoother and efficient.
4094,compliment,The initiative to plant trees in the city is a great step towards sustainability.
4095,compliment,Appreciate the efforts taken for better public transport facilities.
4096,compliment,The initiative to plant trees in the city is a great step towards sustainability.
4097,compliment,Thank you for increasing the number of public health centers in rural areas.
4098,compliment,The new metro line has made commuting much easier. Thank you!
4099,compliment,The cleanliness drive in our city has really made a difference.
4100,compliment,The quick response from municipal authorities on complaints is commendable.
4101,compliment,The cleanliness drive in our city has really made a difference.
4102,compliment,The cleanliness drive in our city has really made a difference.
4103,compliment,The initiative to plant trees in the city is a great step towards sustainability.
4104,compliment,The government’s digital initiatives have made life much easier.
4105,compliment,Thank you for increasing the number of public health centers in rural areas.
4106,compliment,The new metro line has made commuting much easier. Thank you!
4107,compliment,The government’s digital initiatives have made life much easier.
4108,compliment,The online tax filing system has become much smoother and efficient.
4109,compliment,Great job on improving the online passport application system!
4110,compliment,The quick response from municipal authorities on complaints is commendable.
4111,compliment,The quick response from municipal authorities on complaints is commendable.
4112,compliment,The cleanliness drive in our city has really made a difference.
4113,compliment,The online tax filing system has become much smoother and efficient.
4114,compliment,Great job on improving the online passport application system!
4115,compliment,The digital payment system in government offices has reduced long queues.
4116,compliment,The digital payment system in government offices has reduced long queues.
4117,compliment,Great job on improving the online passport application system!
4118,compliment,The cleanliness drive in our city has really made a difference.
4119,compliment,The government’s digital initiatives have made life much easier.
4120,compliment,The online tax filing system has become much smoother and efficient.
4121,compliment,Thank you for increasing the number of public health centers in rural areas.
4122,compliment,The digital payment system in government offices has reduced long queues.
4123,compliment,The digital payment system in government offices has reduced long queues.
4124,compliment,The new metro line has made commuting much easier. Thank you!
4125,compliment,Great job on improving the online passport application system!
4126,compliment,The online tax filing system has become much smoother and efficient.
4127,compliment,Great job on improving the online passport application system!
4128,compliment,The quick response from municipal authorities on complaints is commendable.
4129,compliment,Great job on improving the online passport application system!
4130,compliment,The digital payment system in government offices has reduced long queues.
4131,compliment,Great job on improving the online passport application system!
4132,compliment,The government’s digital initiatives have made life much easier.
4133,compliment,The initiative to plant trees in the city is a great step towards sustainability.
4134,compliment,Appreciate the efforts taken for better public transport facilities.
4135,compliment,The quick response from municipal authorities on complaints is commendable.
4136,compliment,Great job on improving the online passport application system!
4137,compliment,The new metro line has made commuting much easier. Thank you!
4138,compliment,The cleanliness drive in our city has really made a difference.
4139,compliment,The initiative to plant trees in the city is a great step towards sustainability.
4140,compliment,Great job on improving the online passport application system!
4141,compliment,The new metro line has made commuting much easier. Thank you!
4142,compliment,Thank you for increasing the number of public health centers in rural areas.
4143,compliment,The online tax filing system has become much smoother and efficient.
4144,compliment,The digital payment system in government offices has reduced long queues.
4145,compliment,The new metro line has made commuting much easier. Thank you!
4146,compliment,The new metro line has made commuting much easier. Thank you!
4147,compliment,The digital payment system in government offices has reduced long queues.
4148,compliment,The digital payment system in government offices has reduced long queues.
4149,compliment,The cleanliness drive in our city has really made a difference.
4150,compliment,The quick response from municipal authorities on complaints is commendable.
4151,compliment,The quick response from municipal authorities on complaints is commendable.
4152,compliment,The initiative to plant trees in the city is a great step towards sustainability.
4153,compliment,The online tax filing system has become much smoother and efficient.
4154,compliment,The online tax filing system has become much smoother and efficient.
4155,compliment,The initiative to plant trees in the city is a great step towards sustainability.
4156,compliment,The quick response from municipal authorities on complaints is commendable.
4157,compliment,The online tax filing system has become much smoother and efficient.
4158,compliment,The online tax filing system has become much smoother and efficient.
4159,compliment,The new metro line has made commuting much easier. Thank you!
4160,compliment,Thank you for increasing the number of public health centers in rural areas.
4161,compliment,Thank you for increasing the number of public health centers in rural areas.
4162,compliment,The digital payment system in government offices has reduced long queues.
4163,compliment,The digital payment system in government offices has reduced long queues.
4164,compliment,Appreciate the efforts taken for better public transport facilities.
4165,compliment,Great job on improving the online passport application system!
4166,compliment,The quick response from municipal authorities on complaints is commendable.
4167,compliment,Appreciate the efforts taken for better public transport facilities.
4168,compliment,The cleanliness drive in our city has really made a difference.
4169,compliment,Appreciate the efforts taken for better public transport facilities.
4170,compliment,Thank you for increasing the number of public health centers in rural areas.
4171,compliment,The cleanliness drive in our city has really made a difference.
4172,compliment,The digital payment system in government offices has reduced long queues.
4173,compliment,Appreciate the efforts taken for better public transport facilities.
4174,compliment,The online tax filing system has become much smoother and efficient.
4175,compliment,Appreciate the efforts taken for better public transport facilities.
4176,compliment,The initiative to plant trees in the city is a great step towards sustainability.
4177,compliment,The government’s digital initiatives have made life much easier.
4178,compliment,The cleanliness drive in our city has really made a difference.
4179,compliment,The quick response from municipal authorities on complaints is commendable.
4180,compliment,The online tax filing system has become much smoother and efficient.
4181,compliment,The quick response from municipal authorities on complaints is commendable.
4182,compliment,The digital payment system in government offices has reduced long queues.
4183,compliment,The government’s digital initiatives have made life much easier.
4184,compliment,Great job on improving the online passport application system!
4185,compliment,Thank you for increasing the number of public health centers in rural areas.
4186,compliment,The new metro line has made commuting much easier. Thank you!
4187,compliment,Thank you for increasing the number of public health centers in rural areas.
4188,compliment,The new metro line has made commuting much easier. Thank you!
4189,compliment,The online tax filing system has become much smoother and efficient.
4190,compliment,The initiative to plant trees in the city is a great step towards sustainability.
4191,compliment,The online tax filing system has become much smoother and efficient.
4192,compliment,Appreciate the efforts taken for better public transport facilities.
4193,compliment,The new metro line has made commuting much easier. Thank you!
4194,compliment,The online tax filing system has become much smoother and efficient.
4195,compliment,Great job on improving the online passport application system!
4196,compliment,The new metro line has made commuting much easier. Thank you!
4197,compliment,Thank you for increasing the number of public health centers in rural areas.
4198,compliment,The digital payment system in government offices has reduced long queues.
4199,compliment,The initiative to plant trees in the city is a great step towards sustainability.
4200,compliment,Appreciate the efforts taken for better public transport facilities.
4201,compliment,The government’s digital initiatives have made life much easier.
4202,compliment,The digital payment system in government offices has reduced long queues.
4203,compliment,The initiative to plant trees in the city is a great step towards sustainability.
4204,compliment,The quick response from municipal authorities on complaints is commendable.
4205,compliment,The cleanliness drive in our city has really made a difference.
4206,compliment,The government’s digital initiatives have made life much easier.
4207,compliment,The digital payment system in government offices has reduced long queues.
4208,compliment,Thank you for increasing the number of public health centers in rural areas.
4209,compliment,The initiative to plant trees in the city is a great step towards sustainability.
4210,compliment,The government’s digital initiatives have made life much easier.
4211,compliment,The online tax filing system has become much smoother and efficient.
4212,compliment,The government’s digital initiatives have made life much easier.
4213,compliment,The online tax filing system has become much smoother and efficient.
4214,compliment,Appreciate the efforts taken for better public transport facilities.
4215,compliment,The government’s digital initiatives have made life much easier.
4216,compliment,Great job on improving the online passport application system!
4217,compliment,The digital payment system in government offices has reduced long queues.
4218,compliment,Great job on improving the online passport application system!
4219,compliment,The new metro line has made commuting much easier. Thank you!
4220,compliment,The online tax filing system has become much smoother and efficient.
4221,compliment,The quick response from municipal authorities on complaints is commendable.
4222,compliment,The new metro line has made commuting much easier. Thank you!
4223,compliment,The quick response from municipal authorities on complaints is commendable.
4224,compliment,Thank you for increasing the number of public health centers in rural areas.
4225,compliment,The new metro line has made commuting much easier. Thank you!
4226,compliment,Great job on improving the online passport application system!
4227,compliment,The quick response from municipal authorities on complaints is commendable.
4228,compliment,The cleanliness drive in our city has really made a difference.
4229,compliment,Great job on improving the online passport application system!
4230,compliment,The government’s digital initiatives have made life much easier.
4231,compliment,The cleanliness drive in our city has really made a difference.
4232,compliment,The new metro line has made commuting much easier. Thank you!
4233,compliment,The government’s digital initiatives have made life much easier.
4234,compliment,The new metro line has made commuting much easier. Thank you!
4235,compliment,The quick response from municipal authorities on complaints is commendable.
4236,compliment,The initiative to plant trees in the city is a great step towards sustainability.
4237,compliment,The digital payment system in government offices has reduced long queues.
4238,compliment,The quick response from municipal authorities on complaints is commendable.
4239,compliment,The quick response from municipal authorities on complaints is commendable.
4240,compliment,The quick response from municipal authorities on complaints is commendable.
4241,compliment,The initiative to plant trees in the city is a great step towards sustainability.
4242,compliment,The initiative to plant trees in the city is a great step towards sustainability.
4243,compliment,Thank you for increasing the number of public health centers in rural areas.
4244,compliment,Appreciate the efforts taken for better public transport facilities.
4245,compliment,The quick response from municipal authorities on complaints is commendable.
4246,compliment,Great job on improving the online passport application system!
4247,compliment,The digital payment system in government offices has reduced long queues.
4248,compliment,Great job on improving the online passport application system!
4249,compliment,The quick response from municipal authorities on complaints is commendable.
4250,compliment,The quick response from municipal authorities on complaints is commendable.
4251,compliment,Thank you for increasing the number of public health centers in rural areas.
4252,compliment,The digital payment system in government offices has reduced long queues.
4253,compliment,The new metro line has made commuting much easier. Thank you!
4254,compliment,The online tax filing system has become much smoother and efficient.
4255,compliment,Great job on improving the online passport application system!
4256,compliment,The initiative to plant trees in the city is a great step towards sustainability.
4257,compliment,Great job on improving the online passport application system!
4258,compliment,The online tax filing system has become much smoother and efficient.
4259,compliment,The quick response from municipal authorities on complaints is commendable.
4260,compliment,Appreciate the efforts taken for better public transport facilities.
4261,compliment,Thank you for increasing the number of public health centers in rural areas.
4262,compliment,The new metro line has made commuting much easier. Thank you!
4263,compliment,The quick response from municipal authorities on complaints is commendable.
4264,compliment,Thank you for increasing the number of public health centers in rural areas.
4265,compliment,The new metro line has made commuting much easier. Thank you!
4266,compliment,The quick response from municipal authorities on complaints is commendable.
4267,compliment,Great job on improving the online passport application system!
4268,compliment,Great job on improving the online passport application system!
4269,compliment,The cleanliness drive in our city has really made a difference.
4270,compliment,The quick response from municipal authorities on complaints is commendable.
4271,compliment,The cleanliness drive in our city has really made a difference.
4272,compliment,The online tax filing system has become much smoother and efficient.
4273,compliment,The new metro line has made commuting much easier. Thank you!
4274,compliment,The new metro line has made commuting much easier. Thank you!
4275,compliment,Thank you for increasing the number of public health centers in rural areas.
4276,compliment,Thank you for increasing the number of public health centers in rural areas.
4277,compliment,The quick response from municipal authorities on complaints is commendable.
4278,compliment,The initiative to plant trees in the city is a great step towards sustainability.
4279,compliment,Appreciate the efforts taken for better public transport facilities.
4280,compliment,The digital payment system in government offices has reduced long queues.
4281,compliment,The quick response from municipal authorities on complaints is commendable.
4282,compliment,The digital payment system in government offices has reduced long queues.
4283,compliment,The new metro line has made commuting much easier. Thank you!
4284,compliment,Thank you for increasing the number of public health centers in rural areas.
4285,compliment,The digital payment system in government offices has reduced long queues.
4286,compliment,The quick response from municipal authorities on complaints is commendable.
4287,compliment,The digital payment system in government offices has reduced long queues.
4288,compliment,The cleanliness drive in our city has really made a difference.
4289,compliment,The initiative to plant trees in the city is a great step towards sustainability.
4290,compliment,The cleanliness drive in our city has really made a difference.
4291,compliment,The quick response from municipal authorities on complaints is commendable.
4292,compliment,Appreciate the efforts taken for better public transport facilities.
4293,compliment,The initiative to plant trees in the city is a great step towards sustainability.
4294,compliment,The online tax filing system has become much smoother and efficient.
4295,compliment,The new metro line has made commuting much easier. Thank you!
4296,compliment,The new metro line has made commuting much easier. Thank you!
4297,compliment,The cleanliness drive in our city has really made a difference.
4298,compliment,Appreciate the efforts taken for better public transport facilities.
4299,compliment,The cleanliness drive in our city has really made a difference.
4300,compliment,The cleanliness drive in our city has really made a difference.
4301,compliment,Appreciate the efforts taken for better public transport facilities.
4302,compliment,Thank you for increasing the number of public health centers in rural areas.
4303,compliment,The government’s digital initiatives have made life much easier.
4304,compliment,The initiative to plant trees in the city is a great step towards sustainability.
4305,compliment,The digital payment system in government offices has reduced long queues.
4306,compliment,The digital payment system in government offices has reduced long queues.
4307,compliment,The new metro line has made commuting much easier. Thank you!
4308,compliment,Appreciate the efforts taken for better public transport facilities.
4309,compliment,The government’s digital initiatives have made life much easier.
4310,compliment,The cleanliness drive in our city has really made a difference.
4311,compliment,The digital payment system in government offices has reduced long queues.
4312,compliment,The new metro line has made commuting much easier. Thank you!
4313,compliment,Thank you for increasing the number of public health centers in rural areas.
4314,compliment,The initiative to plant trees in the city is a great step towards sustainability.
4315,compliment,Thank you for increasing the number of public health centers in rural areas.
4316,compliment,The government’s digital initiatives have made life much easier.
4317,compliment,The quick response from municipal authorities on complaints is commendable.
4318,compliment,Thank you for increasing the number of public health centers in rural areas.
4319,compliment,The quick response from municipal authorities on complaints is commendable.
4320,compliment,The initiative to plant trees in the city is a great step towards sustainability.
4321,compliment,The quick response from municipal authorities on complaints is commendable.
4322,compliment,Thank you for increasing the number of public health centers in rural areas.
4323,compliment,The new metro line has made commuting much easier. Thank you!
4324,compliment,The initiative to plant trees in the city is a great step towards sustainability.
4325,compliment,The quick response from municipal authorities on complaints is commendable.
4326,compliment,The cleanliness drive in our city has really made a difference.
4327,compliment,The digital payment system in government offices has reduced long queues.
4328,compliment,Great job on improving the online passport application system!
4329,compliment,The new metro line has made commuting much easier. Thank you!
4330,compliment,Thank you for increasing the number of public health centers in rural areas.
4331,compliment,The quick response from municipal authorities on complaints is commendable.
4332,compliment,Great job on improving the online passport application system!
4333,compliment,The quick response from municipal authorities on complaints is commendable.
4334,compliment,The digital payment system in government offices has reduced long queues.
4335,compliment,Thank you for increasing the number of public health centers in rural areas.
4336,compliment,The initiative to plant trees in the city is a great step towards sustainability.
4337,compliment,The new metro line has made commuting much easier. Thank you!
4338,compliment,The new metro line has made commuting much easier. Thank you!
4339,compliment,The initiative to plant trees in the city is a great step towards sustainability.
4340,compliment,The government’s digital initiatives have made life much easier.
4341,compliment,The new metro line has made commuting much easier. Thank you!
4342,compliment,Great job on improving the online passport application system!
4343,compliment,Thank you for increasing the number of public health centers in rural areas.
4344,compliment,The digital payment system in government offices has reduced long queues.
4345,compliment,Thank you for increasing the number of public health centers in rural areas.
4346,compliment,The online tax filing system has become much smoother and efficient.
4347,compliment,The government’s digital initiatives have made life much easier.
4348,compliment,The government’s digital initiatives have made life much easier.
4349,compliment,The digital payment system in government offices has reduced long queues.
4350,compliment,The digital payment system in government offices has reduced long queues.
4351,compliment,The cleanliness drive in our city has really made a difference.
4352,compliment,Thank you for increasing the number of public health centers in rural areas.
4353,compliment,The online tax filing system has become much smoother and efficient.
4354,compliment,The online tax filing system has become much smoother and efficient.
4355,compliment,The government’s digital initiatives have made life much easier.
4356,compliment,The quick response from municipal authorities on complaints is commendable.
4357,compliment,The online tax filing system has become much smoother and efficient.
4358,compliment,The cleanliness drive in our city has really made a difference.
4359,compliment,The digital payment system in government offices has reduced long queues.
4360,compliment,The government’s digital initiatives have made life much easier.
4361,compliment,The digital payment system in government offices has reduced long queues.
4362,compliment,The quick response from municipal authorities on complaints is commendable.
4363,compliment,The quick response from municipal authorities on complaints is commendable.
4364,compliment,Thank you for increasing the number of public health centers in rural areas.
4365,compliment,The online tax filing system has become much smoother and efficient.
4366,compliment,The online tax filing system has become much smoother and efficient.
4367,compliment,The quick response from municipal authorities on complaints is commendable.
4368,compliment,The initiative to plant trees in the city is a great step towards sustainability.
4369,compliment,Great job on improving the online passport application system!
4370,compliment,The online tax filing system has become much smoother and efficient.
4371,compliment,The new metro line has made commuting much easier. Thank you!
4372,compliment,The government’s digital initiatives have made life much easier.
4373,compliment,The initiative to plant trees in the city is a great step towards sustainability.
4374,compliment,Great job on improving the online passport application system!
4375,compliment,Great job on improving the online passport application system!
4376,compliment,Thank you for increasing the number of public health centers in rural areas.
4377,compliment,The digital payment system in government offices has reduced long queues.
4378,compliment,The digital payment system in government offices has reduced long queues.
4379,compliment,The quick response from municipal authorities on complaints is commendable.
4380,compliment,The government’s digital initiatives have made life much easier.
4381,compliment,The government’s digital initiatives have made life much easier.
4382,compliment,Great job on improving the online passport application system!
4383,compliment,The quick response from municipal authorities on complaints is commendable.
4384,compliment,The government’s digital initiatives have made life much easier.
4385,compliment,The government’s digital initiatives have made life much easier.
4386,compliment,The online tax filing system has become much smoother and efficient.
4387,compliment,The new metro line has made commuting much easier. Thank you!
4388,compliment,The quick response from municipal authorities on complaints is commendable.
4389,compliment,The government’s digital initiatives have made life much easier.
4390,compliment,Appreciate the efforts taken for better public transport facilities.
4391,compliment,The quick response from municipal authorities on complaints is commendable.
4392,compliment,Appreciate the efforts taken for better public transport facilities.
4393,compliment,Thank you for increasing the number of public health centers in rural areas.
4394,compliment,The new metro line has made commuting much easier. Thank you!
4395,compliment,The quick response from municipal authorities on complaints is commendable.
4396,compliment,Thank you for increasing the number of public health centers in rural areas.
4397,compliment,The initiative to plant trees in the city is a great step towards sustainability.
4398,compliment,The new metro line has made commuting much easier. Thank you!
4399,compliment,Appreciate the efforts taken for better public transport facilities.
4400,compliment,The new metro line has made commuting much easier. Thank you!
4401,compliment,Thank you for increasing the number of public health centers in rural areas.
4402,compliment,The quick response from municipal authorities on complaints is commendable.
4403,compliment,The initiative to plant trees in the city is a great step towards sustainability.
4404,compliment,Thank you for increasing the number of public health centers in rural areas.
4405,compliment,Thank you for increasing the number of public health centers in rural areas.
4406,compliment,The quick response from municipal authorities on complaints is commendable.
4407,compliment,Great job on improving the online passport application system!
4408,compliment,The cleanliness drive in our city has really made a difference.
4409,compliment,The initiative to plant trees in the city is a great step towards sustainability.
4410,compliment,The new metro line has made commuting much easier. Thank you!
4411,compliment,The government’s digital initiatives have made life much easier.
4412,compliment,The cleanliness drive in our city has really made a difference.
4413,compliment,The digital payment system in government offices has reduced long queues.
4414,compliment,The cleanliness drive in our city has really made a difference.
4415,compliment,The initiative to plant trees in the city is a great step towards sustainability.
4416,compliment,Great job on improving the online passport application system!
4417,compliment,Thank you for increasing the number of public health centers in rural areas.
4418,compliment,Thank you for increasing the number of public health centers in rural areas.
4419,compliment,The online tax filing system has become much smoother and efficient.
4420,compliment,The initiative to plant trees in the city is a great step towards sustainability.
4421,compliment,The new metro line has made commuting much easier. Thank you!
4422,compliment,The digital payment system in government offices has reduced long queues.
4423,compliment,The initiative to plant trees in the city is a great step towards sustainability.
4424,compliment,The government’s digital initiatives have made life much easier.
4425,compliment,The initiative to plant trees in the city is a great step towards sustainability.
4426,compliment,The government’s digital initiatives have made life much easier.
4427,compliment,Thank you for increasing the number of public health centers in rural areas.
4428,compliment,Appreciate the efforts taken for better public transport facilities.
4429,compliment,Appreciate the efforts taken for better public transport facilities.
4430,compliment,Thank you for increasing the number of public health centers in rural areas.
4431,compliment,The government’s digital initiatives have made life much easier.
4432,compliment,The government’s digital initiatives have made life much easier.
4433,compliment,The quick response from municipal authorities on complaints is commendable.
4434,compliment,The quick response from municipal authorities on complaints is commendable.
4435,compliment,The government’s digital initiatives have made life much easier.
4436,compliment,Thank you for increasing the number of public health centers in rural areas.
4437,compliment,Appreciate the efforts taken for better public transport facilities.
4438,compliment,The online tax filing system has become much smoother and efficient.
4439,compliment,Appreciate the efforts taken for better public transport facilities.
4440,compliment,Great job on improving the online passport application system!
4441,compliment,Thank you for increasing the number of public health centers in rural areas.
4442,compliment,The digital payment system in government offices has reduced long queues.
4443,compliment,The cleanliness drive in our city has really made a difference.
4444,compliment,The online tax filing system has become much smoother and efficient.
4445,compliment,The digital payment system in government offices has reduced long queues.
4446,compliment,The cleanliness drive in our city has really made a difference.
4447,compliment,The cleanliness drive in our city has really made a difference.
4448,compliment,Appreciate the efforts taken for better public transport facilities.
4449,compliment,The quick response from municipal authorities on complaints is commendable.
4450,compliment,The digital payment system in government offices has reduced long queues.
4451,compliment,Appreciate the efforts taken for better public transport facilities.
4452,compliment,Great job on improving the online passport application system!
4453,compliment,The quick response from municipal authorities on complaints is commendable.
4454,compliment,The digital payment system in government offices has reduced long queues.
4455,compliment,The digital payment system in government offices has reduced long queues.
4456,compliment,The digital payment system in government offices has reduced long queues.
4457,compliment,The cleanliness drive in our city has really made a difference.
4458,compliment,The cleanliness drive in our city has really made a difference.
4459,compliment,The government’s digital initiatives have made life much easier.
4460,compliment,The online tax filing system has become much smoother and efficient.
4461,compliment,The initiative to plant trees in the city is a great step towards sustainability.
4462,compliment,The quick response from municipal authorities on complaints is commendable.
4463,compliment,Great job on improving the online passport application system!
4464,compliment,The digital payment system in government offices has reduced long queues.
4465,compliment,The quick response from municipal authorities on complaints is commendable.
4466,compliment,The digital payment system in government offices has reduced long queues.
4467,compliment,The initiative to plant trees in the city is a great step towards sustainability.
4468,compliment,Thank you for increasing the number of public health centers in rural areas.
4469,compliment,Thank you for increasing the number of public health centers in rural areas.
4470,compliment,The digital payment system in government offices has reduced long queues.
4471,compliment,Thank you for increasing the number of public health centers in rural areas.
4472,compliment,The online tax filing system has become much smoother and efficient.
4473,compliment,The online tax filing system has become much smoother and efficient.
4474,compliment,The quick response from municipal authorities on complaints is commendable.
4475,compliment,Great job on improving the online passport application system!
4476,compliment,The cleanliness drive in our city has really made a difference.
4477,compliment,The cleanliness drive in our city has really made a difference.
4478,compliment,Great job on improving the online passport application system!
4479,compliment,The government’s digital initiatives have made life much easier.
4480,compliment,The quick response from municipal authorities on complaints is commendable.
4481,compliment,The government’s digital initiatives have made life much easier.
4482,compliment,The government’s digital initiatives have made life much easier.
4483,compliment,Appreciate the efforts taken for better public transport facilities.
4484,compliment,The quick response from municipal authorities on complaints is commendable.
4485,compliment,Great job on improving the online passport application system!
4486,compliment,The new metro line has made commuting much easier. Thank you!
4487,compliment,The initiative to plant trees in the city is a great step towards sustainability.
4488,compliment,The initiative to plant trees in the city is a great step towards sustainability.
4489,compliment,The digital payment system in government offices has reduced long queues.
4490,compliment,The initiative to plant trees in the city is a great step towards sustainability.
4491,compliment,The quick response from municipal authorities on complaints is commendable.
4492,compliment,Great job on improving the online passport application system!
4493,compliment,Great job on improving the online passport application system!
4494,compliment,The digital payment system in government offices has reduced long queues.
4495,compliment,The new metro line has made commuting much easier. Thank you!
4496,compliment,The digital payment system in government offices has reduced long queues.
4497,compliment,Thank you for increasing the number of public health centers in rural areas.
4498,compliment,Thank you for increasing the number of public health centers in rural areas.
4499,compliment,Appreciate the efforts taken for better public transport facilities.
4500,compliment,The initiative to plant trees in the city is a great step towards sustainability.
4501,compliment,The initiative to plant trees in the city is a great step towards sustainability.
4502,compliment,The initiative to plant trees in the city is a great step towards sustainability.
4503,compliment,The government’s digital initiatives have made life much easier.
4504,compliment,The cleanliness drive in our city has really made a difference.
4505,compliment,Thank you for increasing the number of public health centers in rural areas.
4506,compliment,The new metro line has made commuting much easier. Thank you!
4507,compliment,Appreciate the efforts taken for better public transport facilities.
4508,compliment,The cleanliness drive in our city has really made a difference.
4509,compliment,Thank you for increasing the number of public health centers in rural areas.
4510,compliment,The new metro line has made commuting much easier. Thank you!
4511,compliment,Appreciate the efforts taken for better public transport facilities.
4512,compliment,Thank you for increasing the number of public health centers in rural areas.
4513,compliment,The online tax filing system has become much smoother and efficient.
4514,compliment,The government’s digital initiatives have made life much easier.
4515,compliment,Appreciate the efforts taken for better public transport facilities.
4516,compliment,The initiative to plant trees in the city is a great step towards sustainability.
4517,compliment,The digital payment system in government offices has reduced long queues.
4518,compliment,The new metro line has made commuting much easier. Thank you!
4519,compliment,The quick response from municipal authorities on complaints is commendable.
4520,compliment,The new metro line has made commuting much easier. Thank you!
4521,compliment,Thank you for increasing the number of public health centers in rural areas.
4522,compliment,Great job on improving the online passport application system!
4523,compliment,The new metro line has made commuting much easier. Thank you!
4524,compliment,The initiative to plant trees in the city is a great step towards sustainability.
4525,compliment,The quick response from municipal authorities on complaints is commendable.
4526,compliment,Thank you for increasing the number of public health centers in rural areas.
4527,compliment,Appreciate the efforts taken for better public transport facilities.
4528,compliment,Great job on improving the online passport application system!
4529,compliment,Appreciate the efforts taken for better public transport facilities.
4530,compliment,The cleanliness drive in our city has really made a difference.
4531,compliment,The online tax filing system has become much smoother and efficient.
4532,compliment,Thank you for increasing the number of public health centers in rural areas.
4533,compliment,The government’s digital initiatives have made life much easier.
4534,compliment,The government’s digital initiatives have made life much easier.
4535,compliment,The digital payment system in government offices has reduced long queues.
4536,compliment,The initiative to plant trees in the city is a great step towards sustainability.
4537,compliment,The online tax filing system has become much smoother and efficient.
4538,compliment,The government’s digital initiatives have made life much easier.
4539,compliment,Great job on improving the online passport application system!
4540,compliment,The cleanliness drive in our city has really made a difference.
4541,compliment,The quick response from municipal authorities on complaints is commendable.
4542,compliment,Appreciate the efforts taken for better public transport facilities.
4543,compliment,The government’s digital initiatives have made life much easier.
4544,compliment,The government’s digital initiatives have made life much easier.
4545,compliment,The online tax filing system has become much smoother and efficient.
4546,compliment,Appreciate the efforts taken for better public transport facilities.
4547,compliment,The new metro line has made commuting much easier. Thank you!
4548,compliment,The online tax filing system has become much smoother and efficient.
4549,compliment,The digital payment system in government offices has reduced long queues.
4550,compliment,The digital payment system in government offices has reduced long queues.
4551,compliment,The initiative to plant trees in the city is a great step towards sustainability.
4552,compliment,Great job on improving the online passport application system!
4553,compliment,Appreciate the efforts taken for better public transport facilities.
4554,compliment,The government’s digital initiatives have made life much easier.
4555,compliment,The initiative to plant trees in the city is a great step towards sustainability.
4556,compliment,The government’s digital initiatives have made life much easier.
4557,compliment,Thank you for increasing the number of public health centers in rural areas.
4558,compliment,The digital payment system in government offices has reduced long queues.
4559,compliment,Appreciate the efforts taken for better public transport facilities.
4560,compliment,The online tax filing system has become much smoother and efficient.
4561,compliment,The cleanliness drive in our city has really made a difference.
4562,compliment,The new metro line has made commuting much easier. Thank you!
4563,compliment,Great job on improving the online passport application system!
4564,compliment,Thank you for increasing the number of public health centers in rural areas.
4565,compliment,The online tax filing system has become much smoother and efficient.
4566,compliment,Appreciate the efforts taken for better public transport facilities.
4567,compliment,The digital payment system in government offices has reduced long queues.
4568,compliment,Great job on improving the online passport application system!
4569,compliment,The digital payment system in government offices has reduced long queues.
4570,compliment,The digital payment system in government offices has reduced long queues.
4571,compliment,The quick response from municipal authorities on complaints is commendable.
4572,compliment,The online tax filing system has become much smoother and efficient.
4573,compliment,The quick response from municipal authorities on complaints is commendable.
4574,compliment,Thank you for increasing the number of public health centers in rural areas.
4575,compliment,The government’s digital initiatives have made life much easier.
4576,compliment,The quick response from municipal authorities on complaints is commendable.
4577,compliment,The quick response from municipal authorities on complaints is commendable.
4578,compliment,The initiative to plant trees in the city is a great step towards sustainability.
4579,compliment,The new metro line has made commuting much easier. Thank you!
4580,compliment,The new metro line has made commuting much easier. Thank you!
4581,compliment,The digital payment system in government offices has reduced long queues.
4582,compliment,Great job on improving the online passport application system!
4583,compliment,The cleanliness drive in our city has really made a difference.
4584,compliment,The online tax filing system has become much smoother and efficient.
4585,compliment,Great job on improving the online passport application system!
4586,compliment,The cleanliness drive in our city has really made a difference.
4587,compliment,The digital payment system in government offices has reduced long queues.
4588,compliment,Thank you for increasing the number of public health centers in rural areas.
4589,compliment,Great job on improving the online passport application system!
4590,compliment,Great job on improving the online passport application system!
4591,compliment,The digital payment system in government offices has reduced long queues.
4592,compliment,The government’s digital initiatives have made life much easier.
4593,compliment,The quick response from municipal authorities on complaints is commendable.
4594,compliment,The new metro line has made commuting much easier. Thank you!
4595,compliment,The cleanliness drive in our city has really made a difference.
4596,compliment,The initiative to plant trees in the city is a great step towards sustainability.
4597,compliment,The initiative to plant trees in the city is a great step towards sustainability.
4598,compliment,Appreciate the efforts taken for better public transport facilities.
4599,compliment,The cleanliness drive in our city has really made a difference.
4600,compliment,Thank you for increasing the number of public health centers in rural areas.
4601,compliment,The online tax filing system has become much smoother and efficient.
4602,compliment,The government’s digital initiatives have made life much easier.
4603,compliment,The online tax filing system has become much smoother and efficient.
4604,compliment,The digital payment system in government offices has reduced long queues.
4605,compliment,Appreciate the efforts taken for better public transport facilities.
4606,compliment,The government’s digital initiatives have made life much easier.
4607,compliment,The online tax filing system has become much smoother and efficient.
4608,compliment,The cleanliness drive in our city has really made a difference.
4609,compliment,The digital payment system in government offices has reduced long queues.
4610,compliment,Appreciate the efforts taken for better public transport facilities.
4611,compliment,Appreciate the efforts taken for better public transport facilities.
4612,compliment,The initiative to plant trees in the city is a great step towards sustainability.
4613,compliment,The quick response from municipal authorities on complaints is commendable.
4614,compliment,Appreciate the efforts taken for better public transport facilities.
4615,compliment,The government’s digital initiatives have made life much easier.
4616,compliment,The new metro line has made commuting much easier. Thank you!
4617,compliment,The online tax filing system has become much smoother and efficient.
4618,compliment,The cleanliness drive in our city has really made a difference.
4619,compliment,The online tax filing system has become much smoother and efficient.
4620,compliment,The initiative to plant trees in the city is a great step towards sustainability.
4621,compliment,Thank you for increasing the number of public health centers in rural areas.
4622,compliment,The quick response from municipal authorities on complaints is commendable.
4623,compliment,The online tax filing system has become much smoother and efficient.
4624,compliment,The digital payment system in government offices has reduced long queues.
4625,compliment,The digital payment system in government offices has reduced long queues.
4626,compliment,The initiative to plant trees in the city is a great step towards sustainability.
4627,compliment,The cleanliness drive in our city has really made a difference.
4628,compliment,The quick response from municipal authorities on complaints is commendable.
4629,compliment,The online tax filing system has become much smoother and efficient.
4630,compliment,The cleanliness drive in our city has really made a difference.
4631,compliment,Thank you for increasing the number of public health centers in rural areas.
4632,compliment,The digital payment system in government offices has reduced long queues.
4633,compliment,The government’s digital initiatives have made life much easier.
4634,compliment,The quick response from municipal authorities on complaints is commendable.
4635,compliment,The digital payment system in government offices has reduced long queues.
4636,compliment,Appreciate the efforts taken for better public transport facilities.
4637,compliment,The initiative to plant trees in the city is a great step towards sustainability.
4638,compliment,The new metro line has made commuting much easier. Thank you!
4639,compliment,The initiative to plant trees in the city is a great step towards sustainability.
4640,compliment,The initiative to plant trees in the city is a great step towards sustainability.
4641,compliment,The quick response from municipal authorities on complaints is commendable.
4642,compliment,The digital payment system in government offices has reduced long queues.
4643,compliment,The digital payment system in government offices has reduced long queues.
4644,compliment,The digital payment system in government offices has reduced long queues.
4645,compliment,The quick response from municipal authorities on complaints is commendable.
4646,compliment,The digital payment system in government offices has reduced long queues.
4647,compliment,The government’s digital initiatives have made life much easier.
4648,compliment,The cleanliness drive in our city has really made a difference.
4649,compliment,The initiative to plant trees in the city is a great step towards sustainability.
4650,compliment,The initiative to plant trees in the city is a great step towards sustainability.
4651,compliment,The digital payment system in government offices has reduced long queues.
4652,compliment,The digital payment system in government offices has reduced long queues.
4653,compliment,The quick response from municipal authorities on complaints is commendable.
4654,compliment,Thank you for increasing the number of public health centers in rural areas.
4655,compliment,Great job on improving the online passport application system!
4656,compliment,The government’s digital initiatives have made life much easier.
4657,compliment,The government’s digital initiatives have made life much easier.
4658,compliment,The initiative to plant trees in the city is a great step towards sustainability.
4659,compliment,The initiative to plant trees in the city is a great step towards sustainability.
4660,compliment,The online tax filing system has become much smoother and efficient.
4661,compliment,The digital payment system in government offices has reduced long queues.
4662,compliment,Thank you for increasing the number of public health centers in rural areas.
4663,compliment,The cleanliness drive in our city has really made a difference.
4664,compliment,The online tax filing system has become much smoother and efficient.
4665,compliment,The cleanliness drive in our city has really made a difference.
4666,compliment,The initiative to plant trees in the city is a great step towards sustainability.
4667,compliment,The cleanliness drive in our city has really made a difference.
4668,compliment,The quick response from municipal authorities on complaints is commendable.
4669,compliment,The online tax filing system has become much smoother and efficient.
4670,compliment,Appreciate the efforts taken for better public transport facilities.
4671,compliment,The initiative to plant trees in the city is a great step towards sustainability.
4672,compliment,The initiative to plant trees in the city is a great step towards sustainability.
4673,compliment,The government’s digital initiatives have made life much easier.
4674,compliment,The digital payment system in government offices has reduced long queues.
4675,compliment,The quick response from municipal authorities on complaints is commendable.
4676,compliment,Thank you for increasing the number of public health centers in rural areas.
4677,compliment,The digital payment system in government offices has reduced long queues.
4678,compliment,The cleanliness drive in our city has really made a difference.
4679,compliment,Appreciate the efforts taken for better public transport facilities.
4680,compliment,The cleanliness drive in our city has really made a difference.
4681,compliment,The digital payment system in government offices has reduced long queues.
4682,compliment,The online tax filing system has become much smoother and efficient.
4683,compliment,Thank you for increasing the number of public health centers in rural areas.
4684,compliment,The online tax filing system has become much smoother and efficient.
4685,compliment,Thank you for increasing the number of public health centers in rural areas.
4686,compliment,The new metro line has made commuting much easier. Thank you!
4687,compliment,The quick response from municipal authorities on complaints is commendable.
4688,compliment,Appreciate the efforts taken for better public transport facilities.
4689,compliment,Great job on improving the online passport application system!
4690,compliment,Thank you for increasing the number of public health centers in rural areas.
4691,compliment,The new metro line has made commuting much easier. Thank you!
4692,compliment,The quick response from municipal authorities on complaints is commendable.
4693,compliment,The cleanliness drive in our city has really made a difference.
4694,compliment,Appreciate the efforts taken for better public transport facilities.
4695,compliment,The quick response from municipal authorities on complaints is commendable.
4696,compliment,The online tax filing system has become much smoother and efficient.
4697,compliment,Appreciate the efforts taken for better public transport facilities.
4698,compliment,The cleanliness drive in our city has really made a difference.
4699,compliment,Appreciate the efforts taken for better public transport facilities.
4700,compliment,Thank you for increasing the number of public health centers in rural areas.
4701,compliment,The initiative to plant trees in the city is a great step towards sustainability.
4702,compliment,Appreciate the efforts taken for better public transport facilities.
4703,compliment,Appreciate the efforts taken for better public transport facilities.
4704,compliment,Appreciate the efforts taken for better public transport facilities.
4705,compliment,The digital payment system in government offices has reduced long queues.
4706,compliment,The new metro line has made commuting much easier. Thank you!
4707,compliment,Thank you for increasing the number of public health centers in rural areas.
4708,compliment,The quick response from municipal authorities on complaints is commendable.
4709,compliment,Thank you for increasing the number of public health centers in rural areas.
4710,compliment,The cleanliness drive in our city has really made a difference.
4711,compliment,The initiative to plant trees in the city is a great step towards sustainability.
4712,compliment,The digital payment system in government offices has reduced long queues.
4713,compliment,The online tax filing system has become much smoother and efficient.
4714,compliment,The digital payment system in government offices has reduced long queues.
4715,compliment,Thank you for increasing the number of public health centers in rural areas.
4716,compliment,The quick response from municipal authorities on complaints is commendable.
4717,compliment,Thank you for increasing the number of public health centers in rural areas.
4718,compliment,The new metro line has made commuting much easier. Thank you!
4719,compliment,The digital payment system in government offices has reduced long queues.
4720,compliment,The new metro line has made commuting much easier. Thank you!
4721,compliment,Thank you for increasing the number of public health centers in rural areas.
4722,compliment,The quick response from municipal authorities on complaints is commendable.
4723,compliment,The quick response from municipal authorities on complaints is commendable.
4724,compliment,Great job on improving the online passport application system!
4725,compliment,Appreciate the efforts taken for better public transport facilities.
4726,compliment,Great job on improving the online passport application system!
4727,compliment,Great job on improving the online passport application system!
4728,compliment,Great job on improving the online passport application system!
4729,compliment,The quick response from municipal authorities on complaints is commendable.
4730,compliment,The initiative to plant trees in the city is a great step towards sustainability.
4731,compliment,The cleanliness drive in our city has really made a difference.
4732,compliment,The online tax filing system has become much smoother and efficient.
4733,compliment,The digital payment system in government offices has reduced long queues.
4734,compliment,Thank you for increasing the number of public health centers in rural areas.
4735,compliment,The digital payment system in government offices has reduced long queues.
4736,compliment,Great job on improving the online passport application system!
4737,compliment,The initiative to plant trees in the city is a great step towards sustainability.
4738,compliment,The government’s digital initiatives have made life much easier.
4739,compliment,Great job on improving the online passport application system!
4740,compliment,Great job on improving the online passport application system!
4741,compliment,The initiative to plant trees in the city is a great step towards sustainability.
4742,compliment,The online tax filing system has become much smoother and efficient.
4743,compliment,Great job on improving the online passport application system!
4744,compliment,The government’s digital initiatives have made life much easier.
4745,compliment,The government’s digital initiatives have made life much easier.
4746,compliment,Great job on improving the online passport application system!
4747,compliment,The digital payment system in government offices has reduced long queues.
4748,compliment,Great job on improving the online passport application system!
4749,compliment,Great job on improving the online passport application system!
4750,compliment,The new metro line has made commuting much easier. Thank you!
4751,compliment,The new metro line has made commuting much easier. Thank you!
4752,compliment,The new metro line has made commuting much easier. Thank you!
4753,compliment,The government’s digital initiatives have made life much easier.
4754,compliment,The digital payment system in government offices has reduced long queues.
4755,compliment,The initiative to plant trees in the city is a great step towards sustainability.
4756,compliment,The quick response from municipal authorities on complaints is commendable.
4757,compliment,The new metro line has made commuting much easier. Thank you!
4758,compliment,Appreciate the efforts taken for better public transport facilities.
4759,compliment,The new metro line has made commuting much easier. Thank you!
4760,compliment,Great job on improving the online passport application system!
4761,compliment,The new metro line has made commuting much easier. Thank you!
4762,compliment,The digital payment system in government offices has reduced long queues.
4763,compliment,The cleanliness drive in our city has really made a difference.
4764,compliment,The cleanliness drive in our city has really made a difference.
4765,compliment,Great job on improving the online passport application system!
4766,compliment,The new metro line has made commuting much easier. Thank you!
4767,compliment,The government’s digital initiatives have made life much easier.
4768,compliment,The quick response from municipal authorities on complaints is commendable.
4769,compliment,The cleanliness drive in our city has really made a difference.
4770,compliment,The initiative to plant trees in the city is a great step towards sustainability.
4771,compliment,The digital payment system in government offices has reduced long queues.
4772,compliment,The digital payment system in government offices has reduced long queues.
4773,compliment,The quick response from municipal authorities on complaints is commendable.
4774,compliment,The government’s digital initiatives have made life much easier.
4775,compliment,Appreciate the efforts taken for better public transport facilities.
4776,compliment,The government’s digital initiatives have made life much easier.
4777,compliment,The government’s digital initiatives have made life much easier.
4778,compliment,The new metro line has made commuting much easier. Thank you!
4779,compliment,The digital payment system in government offices has reduced long queues.
4780,compliment,The online tax filing system has become much smoother and efficient.
4781,compliment,The government’s digital initiatives have made life much easier.
4782,compliment,The initiative to plant trees in the city is a great step towards sustainability.
4783,compliment,The quick response from municipal authorities on complaints is commendable.
4784,compliment,The digital payment system in government offices has reduced long queues.
4785,compliment,The digital payment system in government offices has reduced long queues.
4786,compliment,Thank you for increasing the number of public health centers in rural areas.
4787,compliment,The quick response from municipal authorities on complaints is commendable.
4788,compliment,The government’s digital initiatives have made life much easier.
4789,compliment,The new metro line has made commuting much easier. Thank you!
4790,compliment,The online tax filing system has become much smoother and efficient.
4791,compliment,The digital payment system in government offices has reduced long queues.
4792,compliment,The new metro line has made commuting much easier. Thank you!
4793,compliment,The government’s digital initiatives have made life much easier.
4794,compliment,The cleanliness drive in our city has really made a difference.
4795,compliment,The government’s digital initiatives have made life much easier.
4796,compliment,The online tax filing system has become much smoother and efficient.
4797,compliment,Appreciate the efforts taken for better public transport facilities.
4798,compliment,The online tax filing system has become much smoother and efficient.
4799,compliment,Thank you for increasing the number of public health centers in rural areas.
4800,compliment,Great job on improving the online passport application system!
4801,compliment,The online tax filing system has become much smoother and efficient.
4802,compliment,Appreciate the efforts taken for better public transport facilities.
4803,compliment,The online tax filing system has become much smoother and efficient.
4804,compliment,The cleanliness drive in our city has really made a difference.
4805,compliment,The digital payment system in government offices has reduced long queues.
4806,compliment,The new metro line has made commuting much easier. Thank you!
4807,compliment,The government’s digital initiatives have made life much easier.
4808,compliment,The digital payment system in government offices has reduced long queues.
4809,compliment,The new metro line has made commuting much easier. Thank you!
4810,compliment,Appreciate the efforts taken for better public transport facilities.
4811,compliment,The online tax filing system has become much smoother and efficient.
4812,compliment,The quick response from municipal authorities on complaints is commendable.
4813,compliment,The cleanliness drive in our city has really made a difference.
4814,compliment,The new metro line has made commuting much easier. Thank you!
4815,compliment,The government’s digital initiatives have made life much easier.
4816,compliment,The new metro line has made commuting much easier. Thank you!
4817,compliment,Appreciate the efforts taken for better public transport facilities.
4818,compliment,The new metro line has made commuting much easier. Thank you!
4819,compliment,Great job on improving the online passport application system!
4820,compliment,Great job on improving the online passport application system!
4821,compliment,The digital payment system in government offices has reduced long queues.
4822,compliment,The quick response from municipal authorities on complaints is commendable.
4823,compliment,Appreciate the efforts taken for better public transport facilities.
4824,compliment,The digital payment system in government offices has reduced long queues.
4825,compliment,Appreciate the efforts taken for better public transport facilities.
4826,compliment,Great job on improving the online passport application system!
4827,compliment,The new metro line has made commuting much easier. Thank you!
4828,compliment,Thank you for increasing the number of public health centers in rural areas.
4829,compliment,The digital payment system in government offices has reduced long queues.
4830,compliment,The government’s digital initiatives have made life much easier.
4831,compliment,The online tax filing system has become much smoother and efficient.
4832,compliment,The online tax filing system has become much smoother and efficient.
4833,compliment,The quick response from municipal authorities on complaints is commendable.
4834,compliment,Great job on improving the online passport application system!
4835,compliment,The cleanliness drive in our city has really made a difference.
4836,compliment,Appreciate the efforts taken for better public transport facilities.
4837,compliment,The cleanliness drive in our city has really made a difference.
4838,compliment,Great job on improving the online passport application system!
4839,compliment,Thank you for increasing the number of public health centers in rural areas.
4840,compliment,The government’s digital initiatives have made life much easier.
4841,compliment,Great job on improving the online passport application system!
4842,compliment,The new metro line has made commuting much easier. Thank you!
4843,compliment,The quick response from municipal authorities on complaints is commendable.
4844,compliment,Thank you for increasing the number of public health centers in rural areas.
4845,compliment,Great job on improving the online passport application system!
4846,compliment,The cleanliness drive in our city has really made a difference.
4847,compliment,The government’s digital initiatives have made life much easier.
4848,compliment,The online tax filing system has become much smoother and efficient.
4849,compliment,The quick response from municipal authorities on complaints is commendable.
4850,compliment,Thank you for increasing the number of public health centers in rural areas.
4851,compliment,The new metro line has made commuting much easier. Thank you!
4852,compliment,The new metro line has made commuting much easier. Thank you!
4853,compliment,Thank you for increasing the number of public health centers in rural areas.
4854,compliment,The digital payment system in government offices has reduced long queues.
4855,compliment,Appreciate the efforts taken for better public transport facilities.
4856,compliment,The government’s digital initiatives have made life much easier.
4857,compliment,Appreciate the efforts taken for better public transport facilities.
4858,compliment,The initiative to plant trees in the city is a great step towards sustainability.
4859,compliment,Thank you for increasing the number of public health centers in rural areas.
4860,compliment,Great job on improving the online passport application system!
4861,compliment,Great job on improving the online passport application system!
4862,compliment,The quick response from municipal authorities on complaints is commendable.
4863,compliment,The new metro line has made commuting much easier. Thank you!
4864,compliment,The new metro line has made commuting much easier. Thank you!
4865,compliment,The online tax filing system has become much smoother and efficient.
4866,compliment,The government’s digital initiatives have made life much easier.
4867,compliment,The initiative to plant trees in the city is a great step towards sustainability.
4868,compliment,Thank you for increasing the number of public health centers in rural areas.
4869,compliment,Appreciate the efforts taken for better public transport facilities.
4870,compliment,The quick response from municipal authorities on complaints is commendable.
4871,compliment,Thank you for increasing the number of public health centers in rural areas.
4872,compliment,The quick response from municipal authorities on complaints is commendable.
4873,compliment,The initiative to plant trees in the city is a great step towards sustainability.
4874,compliment,The quick response from municipal authorities on complaints is commendable.
4875,compliment,The new metro line has made commuting much easier. Thank you!
4876,compliment,The cleanliness drive in our city has really made a difference.
4877,compliment,The online tax filing system has become much smoother and efficient.
4878,compliment,Appreciate the efforts taken for better public transport facilities.
4879,compliment,The initiative to plant trees in the city is a great step towards sustainability.
4880,compliment,The online tax filing system has become much smoother and efficient.
4881,compliment,The cleanliness drive in our city has really made a difference.
4882,compliment,Appreciate the efforts taken for better public transport facilities.
4883,compliment,Great job on improving the online passport application system!
4884,compliment,The online tax filing system has become much smoother and efficient.
4885,compliment,Thank you for increasing the number of public health centers in rural areas.
4886,compliment,The initiative to plant trees in the city is a great step towards sustainability.
4887,compliment,The government’s digital initiatives have made life much easier.
4888,compliment,The government’s digital initiatives have made life much easier.
4889,compliment,The new metro line has made commuting much easier. Thank you!
4890,compliment,The government’s digital initiatives have made life much easier.
4891,compliment,The initiative to plant trees in the city is a great step towards sustainability.
4892,compliment,The cleanliness drive in our city has really made a difference.
4893,compliment,The new metro line has made commuting much easier. Thank you!
4894,compliment,The government’s digital initiatives have made life much easier.
4895,compliment,The new metro line has made commuting much easier. Thank you!
4896,compliment,Great job on improving the online passport application system!
4897,compliment,The digital payment system in government offices has reduced long queues.
4898,compliment,The new metro line has made commuting much easier. Thank you!
4899,compliment,The quick response from municipal authorities on complaints is commendable.
4900,compliment,The initiative to plant trees in the city is a great step towards sustainability.
4901,compliment,The government’s digital initiatives have made life much easier.
4902,compliment,The new metro line has made commuting much easier. Thank you!
4903,compliment,The initiative to plant trees in the city is a great step towards sustainability.
4904,compliment,Appreciate the efforts taken for better public transport facilities.
4905,compliment,The quick response from municipal authorities on complaints is commendable.
4906,compliment,The new metro line has made commuting much easier. Thank you!
4907,compliment,Thank you for increasing the number of public health centers in rural areas.
4908,compliment,Thank you for increasing the number of public health centers in rural areas.
4909,compliment,The cleanliness drive in our city has really made a difference.
4910,compliment,Thank you for increasing the number of public health centers in rural areas.
4911,compliment,The cleanliness drive in our city has really made a difference.
4912,compliment,The government’s digital initiatives have made life much easier.
4913,compliment,The cleanliness drive in our city has really made a difference.
4914,compliment,The quick response from municipal authorities on complaints is commendable.
4915,compliment,The government’s digital initiatives have made life much easier.
4916,compliment,The online tax filing system has become much smoother and efficient.
4917,compliment,The digital payment system in government offices has reduced long queues.
4918,compliment,The digital payment system in government offices has reduced long queues.
4919,compliment,The online tax filing system has become much smoother and efficient.
4920,compliment,The government’s digital initiatives have made life much easier.
4921,compliment,The quick response from municipal authorities on complaints is commendable.
4922,compliment,Great job on improving the online passport application system!
4923,compliment,The cleanliness drive in our city has really made a difference.
4924,compliment,Appreciate the efforts taken for better public transport facilities.
4925,compliment,The new metro line has made commuting much easier. Thank you!
4926,compliment,The cleanliness drive in our city has really made a difference.
4927,compliment,The government’s digital initiatives have made life much easier.
4928,compliment,The online tax filing system has become much smoother and efficient.
4929,compliment,The initiative to plant trees in the city is a great step towards sustainability.
4930,compliment,The initiative to plant trees in the city is a great step towards sustainability.
4931,compliment,Thank you for increasing the number of public health centers in rural areas.
4932,compliment,The initiative to plant trees in the city is a great step towards sustainability.
4933,compliment,The quick response from municipal authorities on complaints is commendable.
4934,compliment,Appreciate the efforts taken for better public transport facilities.
4935,compliment,The initiative to plant trees in the city is a great step towards sustainability.
4936,compliment,Thank you for increasing the number of public health centers in rural areas.
4937,compliment,Appreciate the efforts taken for better public transport facilities.
4938,compliment,Thank you for increasing the number of public health centers in rural areas.
4939,compliment,The cleanliness drive in our city has really made a difference.
4940,compliment,Appreciate the efforts taken for better public transport facilities.
4941,compliment,The initiative to plant trees in the city is a great step towards sustainability.
4942,compliment,The digital payment system in government offices has reduced long queues.
4943,compliment,The initiative to plant trees in the city is a great step towards sustainability.
4944,compliment,Great job on improving the online passport application system!
4945,compliment,The new metro line has made commuting much easier. Thank you!
4946,compliment,The cleanliness drive in our city has really made a difference.
4947,compliment,Thank you for increasing the number of public health centers in rural areas.
4948,compliment,Thank you for increasing the number of public health centers in rural areas.
4949,compliment,The new metro line has made commuting much easier. Thank you!
4950,compliment,The online tax filing system has become much smoother and efficient.
4951,compliment,The digital payment system in government offices has reduced long queues.
4952,compliment,Great job on improving the online passport application system!
4953,compliment,The government’s digital initiatives have made life much easier.
4954,compliment,The online tax filing system has become much smoother and efficient.
4955,compliment,The new metro line has made commuting much easier. Thank you!
4956,compliment,Appreciate the efforts taken for better public transport facilities.
4957,compliment,The online tax filing system has become much smoother and efficient.
4958,compliment,The online tax filing system has become much smoother and efficient.
4959,compliment,The initiative to plant trees in the city is a great step towards sustainability.
4960,compliment,The new metro line has made commuting much easier. Thank you!
4961,compliment,The quick response from municipal authorities on complaints is commendable.
4962,compliment,The digital payment system in government offices has reduced long queues.
4963,compliment,The initiative to plant trees in the city is a great step towards sustainability.
4964,compliment,The quick response from municipal authorities on complaints is commendable.
4965,compliment,The online tax filing system has become much smoother and efficient.
4966,compliment,Appreciate the efforts taken for better public transport facilities.
4967,compliment,Appreciate the efforts taken for better public transport facilities.
4968,compliment,Great job on improving the online passport application system!
4969,compliment,Great job on improving the online passport application system!
4970,compliment,Appreciate the efforts taken for better public transport facilities.
4971,compliment,Thank you for increasing the number of public health centers in rural areas.
4972,compliment,The online tax filing system has become much smoother and efficient.
4973,compliment,The quick response from municipal authorities on complaints is commendable.
4974,compliment,Great job on improving the online passport application system!
4975,compliment,The online tax filing system has become much smoother and efficient.
4976,compliment,The digital payment system in government offices has reduced long queues.
4977,compliment,Great job on improving the online passport application system!
4978,compliment,Great job on improving the online passport application system!
4979,compliment,Appreciate the efforts taken for better public transport facilities.
4980,compliment,The new metro line has made commuting much easier. Thank you!
4981,compliment,Great job on improving the online passport application system!
4982,compliment,The initiative to plant trees in the city is a great step towards sustainability.
4983,compliment,The new metro line has made commuting much easier. Thank you!
4984,compliment,The initiative to plant trees in the city is a great step towards sustainability.
4985,compliment,Thank you for increasing the number of public health centers in rural areas.
4986,compliment,The new metro line has made commuting much easier. Thank you!
4987,compliment,The cleanliness drive in our city has really made a difference.
4988,compliment,The cleanliness drive in our city has really made a difference.
4989,compliment,Appreciate the efforts taken for better public transport facilities.
4990,compliment,The new metro line has made commuting much easier. Thank you!
4991,compliment,The cleanliness drive in our city has really made a difference.
4992,compliment,The initiative to plant trees in the city is a great step towards sustainability.
4993,compliment,The new metro line has made commuting much easier. Thank you!
4994,compliment,The digital payment system in government offices has reduced long queues.
4995,compliment,Great job on improving the online passport application system!
4996,compliment,Appreciate the efforts taken for better public transport facilities.
4997,compliment,The quick response from municipal authorities on complaints is commendable.
4998,compliment,The new metro line has made commuting much easier. Thank you!
4999,compliment,The initiative to plant trees in the city is a great step towards sustainability.
5000,compliment,The new metro line has made commuting much easier. Thank you!
